# FRECHET
# genspc	taxon	samples	   llmt	 median	   rrmt	entropy	          a1         mu1      theta1      kappa1         mu2      theta2      kappa2	rRMSE        AIC         BIC
acancast	 O_Am	 89038	     16	   93.8	    458	-2.1683	  7.6046e-02  3.5614e+00  4.1047e+01  1.3162e+00  8.7713e+00  7.7232e+01  3.5296e+00  1.5060e-04  8.8896e+05  8.8902e+05
acanchlo	 M_Av	 114782	     29	  870.1	  37385	-3.6306	  1.0398e-01  5.9383e+01  3.8559e+01  1.3050e+00 -1.7669e+02  9.0049e+02  1.3907e+00  2.9335e-05  1.9190e+06  1.9191e+06
acanvite	 M_Ne	 80270	     16	  226.9	   2741	-2.8023	  3.6171e-01  4.2629e+01  7.4945e+01  1.2037e+00 -2.8608e+02  5.0520e+02  4.5334e+00  8.6348e-05  1.0357e+06  1.0358e+06
acidrich	 F_As	 18147	     17	   61.8	    603	-1.9576	  7.1367e-01  1.5558e+01  4.0463e+01  6.1663e+00 -5.7468e+01  1.4262e+02  2.6350e+00  3.3003e-04  1.6361e+05  1.6366e+05
acrestri	 F_As	 27220	     17	   60.1	    863	-1.8491	  8.6808e-01  3.2787e+01  2.2872e+01  3.2550e+00 -2.0330e+01  1.3279e+02  1.7179e+00  3.7348e-04  2.3174e+05  2.3180e+05
acrodigi	 M_Cn	 134071	     20	  587.5	  19778	-3.4311	  7.9165e-02 -8.9886e+01  1.8686e+02  8.8059e+00 -1.2296e+02  6.0395e+02  1.4916e+00  3.3356e-05  2.1199e+06  2.1199e+06
acroechi	 M_In	 76570	     31	  283.1	 155544	-3.2992	  2.6128e-01 -5.7902e+00  8.4716e+01  6.3710e+00  1.6879e+01  3.1264e+02  8.0394e-01  4.8838e-05  1.1630e+06  1.1630e+06
acytsubg	 O_Am	 22585	     29	   76.3	    629	-1.9037	  8.5706e-01 -1.1490e+02  1.8526e+02  1.8888e+01 -1.1136e+01  1.1801e+02  1.9721e+00  3.7401e-04  1.9793e+05  1.9799e+05
agarbisp	 F_Ba	 53380	     16	   55.1	    619	-1.5893	  8.9163e-01 -5.9268e+00  5.8327e+01  1.2786e+01 -4.1136e+00  7.9546e+01  1.4830e+00  3.1141e-04  3.9063e+05  3.9070e+05
agarhyph	 F_Ba	 43348	     17	   56.0	    211	-1.4327	  9.4025e-01  4.7267e+00  4.9043e+01  1.1996e+01 -1.8026e+01  8.7451e+01  2.5314e+00  7.0074e-04  2.8578e+05  2.8584e+05
albucand	 O_St	 20137	     16	   56.3	   1179	-1.8179	  7.7290e-01 -9.4679e+01  1.4727e+02  3.0000e+01 -1.1427e+01  8.8562e+01  1.4643e+00  7.1662e-04  1.6827e+05  1.6833e+05
albulaib	 O_St	 20079	     17	   56.0	   3638	-1.7850	  8.8391e-01 -1.1698e+02  1.6935e+02  3.0000e+01 -3.5721e+01  2.4338e+02  1.1506e+00  6.9279e-04  1.6434e+05  1.6440e+05
allimiss	 M_Rp	 185851	     30	 1422.5	 212782	-3.9585	  1.1350e-01  6.5685e+01  5.4947e+01  8.2646e-01 -1.2342e+02  1.2366e+03  1.0100e+00  1.6176e-05  3.3841e+06  3.3842e+06
allisine	 M_Rp	 181237	     30	 1427.8	 196015	-3.9552	  1.0030e-01  6.6270e+01  5.3323e+01  8.5509e-01 -1.4071e+02  1.2404e+03  1.0285e+00  1.6154e-05  3.2977e+06  3.2977e+06
altealte	 F_As	 26981	     20	   55.4	    592	-1.8204	  7.6514e-01  3.4408e+01  1.6608e+01  3.4192e+00 -2.2039e+01  1.0812e+02  2.2114e+00  6.3647e-04  2.2618e+05  2.2624e+05
amanmusc	 F_Ba	 60818	     16	   53.0	    449	-1.4783	  9.2645e-02  3.2478e+00  5.3873e+01  1.3678e+00 -6.5911e+01  1.1678e+02  3.0000e+01  3.2436e-04  4.1379e+05  4.1385e+05
amanthie	 F_Ba	 78992	     16	   56.4	    397	-1.7114	  8.5786e-01  2.7960e+01  2.4961e+01  4.4038e+00 -2.2799e+01  9.5644e+01  2.2535e+00  3.3316e-04  6.2228e+05  6.2235e+05
amnilign	 F_As	 29924	     16	   55.8	    763	-1.9038	  6.6888e-01  3.1271e+01  1.9660e+01  4.4241e+00 -1.1275e+01  9.0076e+01  1.9451e+00  3.3599e-04  2.6236e+05  2.6241e+05
amphquee	 M_Po	 225902	     16	   76.2	   5213	-2.5121	  4.7975e-01  2.6305e+01  2.3056e+01  3.4242e+00 -2.3493e+01  1.7407e+02  1.3631e+00  9.8352e-05  2.6115e+06  2.6116e+06
amyetran	 M_In	 85305	     17	  567.7	  43218	-3.5035	  4.0800e-02  1.2191e+01  6.9765e+01  7.8198e+00 -2.6700e+01  4.8779e+02  1.1715e+00  5.1372e-05  1.3787e+06  1.3788e+06
anasplat	 M_Av	 166994	     29	 1091.6	 136096	-3.8373	  7.1764e-02  5.4293e+01  4.3062e+01  1.8278e+00 -1.0563e+02  9.5400e+02  1.0524e+00  1.8180e-05  2.9502e+06  2.9502e+06
ancyduod	 M_Ne	 105752	     16	  116.2	   5339	-2.7517	  4.8207e-01  4.3242e+01  1.8368e+01  1.5684e+00 -1.6838e+02  4.2513e+02  1.8150e+00  1.4453e-04  1.3438e+06  1.3439e+06
anolcaro	 M_Rp	 153034	     22	 1656.2	 136657	-3.9789	  1.1038e-01  7.0805e+01  5.6675e+01  7.7537e-01 -2.1948e+02  1.5690e+03  1.1710e+00  1.8408e-05  2.8047e+06  2.8048e+06
anopglab	 M_In	 598	     48	  274.0	  76169	-3.2760	  5.0957e-01  4.6973e+01  1.9108e+01  7.3399e-01 -2.5751e+02  1.0034e+03  1.1183e+00  1.9548e-03  9.1610e+03  9.1917e+03
anthavoc	 F_As	 36067	     16	   66.4	    757	-2.1159	  6.6349e-01  3.7460e+01  2.0049e+01  2.2224e+00 -4.3917e+01  1.2916e+02  2.3283e+00  3.0992e-04  3.5141e+05  3.5147e+05
antrsinu	 F_Ba	 72711	     17	   57.3	    401	-1.6254	  8.9903e-01  1.3133e+01  4.1128e+01  7.8519e+00 -2.8669e+01  1.0798e+02  2.1567e+00  3.2680e-04  5.4401e+05  5.4408e+05
apalvitt	 M_Av	 108501	     30	  926.1	  37774	-3.6550	  7.8558e-02  6.4208e+01  3.8430e+01  1.2177e+00 -1.8790e+02  9.3208e+02  1.4075e+00  2.8352e-05  1.8259e+06  1.8260e+06
aphainva	 O_St	 50419	     21	   53.1	    423	-1.6959	  8.7616e-01 -8.7411e+00  5.8108e+01  9.5794e+00 -1.0198e+01  8.6929e+01  1.9848e+00  3.1835e-04  3.9372e+05  3.9378e+05
apiomont	 F_As	 31623	     16	   73.3	    997	-2.1487	  8.6532e-01  3.8700e+01  2.6273e+01  1.6471e+00 -1.1983e+01  8.7024e+01  1.5931e+00  2.2164e-04  3.1289e+05  3.1295e+05
apisflor	 M_In	 64863	     30	  134.4	 111286	-3.0071	  4.6659e-01  8.5622e+00  6.8895e+01  4.7852e+00  1.4026e+01  3.1404e+02  7.9471e-01  6.5808e-05  8.9809e+05  8.9816e+05
aplycali	 M_Mo	 97032	     21	 1200.9	  53414	-3.7352	  1.3188e-02 -2.2060e+01  2.1808e+02  1.0791e+00 -2.0695e+01  9.3364e+02  1.3070e+00  2.8693e-05  1.6686e+06  1.6687e+06
apteaust	 M_Av	 148332	     30	 1160.6	 111828	-3.8386	  7.6903e-02  5.9505e+01  4.3616e+01  1.3197e+00 -1.2757e+02  1.0338e+03  1.1134e+00  1.9334e-05  2.6208e+06  2.6209e+06
arablyra	 P_Eu	 107660	     16	  101.4	   1855	-2.4275	  5.3071e-01 -3.5309e+01  1.2115e+02  1.1135e+01 -8.4485e+01  2.3161e+02  2.1345e+00  1.2768e-04  1.2034e+06  1.2035e+06
arabthal	 P_Eu	 117272	     18	   99.9	   1141	-2.3221	  6.2489e-01 -5.2892e+01  1.3843e+02  1.2320e+01 -1.2712e+02  3.0335e+02  3.0143e+00  1.8558e-04  1.2535e+06  1.2536e+06
aracdura	 P_Eu	 142897	     28	  188.8	   7045	-2.9064	  3.9641e-01  2.2937e+01  6.8186e+01  4.1005e+00 -9.2583e+01  3.8636e+02  1.6422e+00  5.0388e-05  1.9124e+06  1.9124e+06
armigall	 F_Ba	 138043	     16	   53.5	    526	-1.5586	  8.5525e-01 -6.1875e+01  1.1302e+02  3.0000e+01 -7.5863e+00  7.0480e+01  1.6536e+00  3.5675e-04  9.8896e+05  9.8902e+05
arthbenh	 F_As	 12591	     19	   69.3	    275	-2.0620	  5.1569e-01 -1.1052e+03  1.1828e+03  3.0000e+01 -1.5458e+02  2.1472e+02  2.9999e+01  1.2101e-03  1.1951e+05  1.1956e+05
artholig	 F_As	 24771	     21	   72.2	    540	-1.9611	  9.2343e-01  2.9309e+01  3.6448e+01  2.9775e+00 -4.3783e+01  1.5119e+02  2.0525e+00  3.5456e-04  2.2372e+05  2.2377e+05
artoeleg	 F_Ba	 77163	     16	   58.6	    596	-1.7130	  8.8904e-01  2.6252e+01  2.8805e+01  4.9609e+00 -2.9449e+01  1.2101e+02  1.8725e+00  3.3557e-04  6.0852e+05  6.0859e+05
ascalumb	 M_Ne	 48858	     16	  706.9	   5816	-3.3411	  1.9177e-02 -1.0689e+02  1.8215e+02  3.9089e+00 -5.4891e+02  1.1209e+03  3.0383e+00  7.3046e-05  7.5190e+05  7.5196e+05
asconigr	 F_As	 24099	     21	   58.8	    537	-1.8865	  8.2730e-01  3.7820e+01  1.5580e+01  2.1071e+00 -2.0648e+01  1.0793e+02  2.2215e+00  3.1437e-04  2.0936e+05  2.0942e+05
aspeacid	 F_As	 32438	     16	   62.3	    813	-1.9748	  8.2189e-01  2.9338e+01  2.6926e+01  2.9261e+00 -2.5011e+01  1.1032e+02  1.7596e+00  2.9571e-04  2.9497e+05  2.9503e+05
aspebras	 F_As	 32666	     16	   62.6	    812	-1.9643	  8.3959e-01  2.7662e+01  2.8893e+01  3.0539e+00 -2.2909e+01  1.1062e+02  1.7113e+00  2.3795e-04  2.9549e+05  2.9554e+05
aspecamp	 F_As	 24403	     16	   62.8	    941	-1.9840	  8.1489e-01  3.2784e+01  2.4107e+01  2.5160e+00  1.6240e+00  7.3671e+01  1.4204e+00  3.7790e-04  2.2296e+05  2.2302e+05
aspecarb	 F_As	 30958	     16	   61.2	    880	-1.9753	  8.1565e-01  2.4644e+01  3.0158e+01  3.3334e+00 -1.5247e+01  1.1016e+02  1.7167e+00  2.9493e-04  2.8161e+05  2.8167e+05
aspeclav	 F_As	 18711	     16	   63.1	    489	-1.8954	  8.7877e-01  2.3234e+01  3.4444e+01  3.6480e+00 -5.2616e+01  1.4148e+02  2.3707e+00  5.7587e-04  1.6331e+05  1.6337e+05
aspeflav	 F_As	 28332	     29	   64.3	   1723	-2.1561	  5.9869e-01  9.0974e+00  4.6463e+01  6.6711e+00 -5.8229e+00  9.8185e+01  1.5265e+00  2.8709e-04  2.8112e+05  2.8118e+05
aspeglau	 F_As	 22319	     17	   57.9	    774	-1.8126	  8.2956e-01  2.2978e+01  3.0688e+01  4.7467e+00  9.5224e-01  7.5782e+01  1.5132e+00  3.5021e-04  1.8632e+05  1.8637e+05
aspekawa	 F_As	 24052	     34	   60.5	    642	-1.8521	  8.5138e-01  1.9618e+01  3.5548e+01  4.4195e+00  8.7417e+00  7.8518e+01  1.6168e+00  4.4655e-04  2.0515e+05  2.0521e+05
aspenige	 F_As	 27626	     17	   62.5	   1005	-2.0312	  7.1794e-01  2.4737e+01  3.1246e+01  3.6669e+00 -8.0099e+00  8.4172e+01  1.6173e+00  2.6837e-04  2.5841e+05  2.5846e+05
aspeoryz	 F_As	 23238	     16	   62.0	   1915	-2.0499	  7.3731e-01  2.9396e+01  2.6740e+01  3.3816e+00 -4.0570e+00  8.4008e+01  1.2632e+00  3.2842e-04  2.1926e+05  2.1932e+05
aspetubi	 F_As	 31886	     16	   62.4	    770	-1.9651	  8.3382e-01  2.8762e+01  2.7604e+01  2.9537e+00 -2.6659e+01  1.1206e+02  1.7837e+00  3.0484e-04  2.8853e+05  2.8859e+05
aspevers	 F_As	 32823	     16	   57.9	    596	-1.8470	  8.6785e-01  1.9941e+01  3.3088e+01  4.2009e+00 -3.1001e+01  1.1793e+02  1.9493e+00  3.6803e-04  2.7919e+05  2.7925e+05
aspewent	 F_As	 30844	     16	   57.3	    630	-1.8578	  8.4772e-01  1.6931e+01  3.5277e+01  4.5885e+00 -1.8699e+01  1.0789e+02  1.8949e+00  4.1978e-04  2.6390e+05  2.6396e+05
aspezona	 F_As	 21626	     17	   63.7	    738	-1.9067	  8.3781e-01 -6.7148e+01  1.2556e+02  1.3472e+01 -1.2918e+01  9.0483e+01  1.6366e+00  3.2906e-04  1.8985e+05  1.8991e+05
astespec	 P_Ch	 41947	     18	  272.0	   1331	-2.8350	  2.0053e-01  5.2770e+01  3.1445e+01  1.5076e+00 -6.3872e+02  9.0746e+02  6.7528e+00  1.6943e-04  5.4762e+05  5.4768e+05
aurepull	 F_As	 16182	     16	   55.6	    725	-1.7475	  7.4413e-01 -6.5724e+01  1.1810e+02  3.0000e+01 -5.6266e+00  7.8712e+01  1.7618e+00  6.0098e-04  1.3016e+05  1.3021e+05
aurisubg	 F_Ba	 97595	     16	   53.7	   1556	-1.6645	  8.5682e-01 -8.3502e+01  1.3439e+02  3.0000e+01  3.4252e+00  7.2848e+01  1.0908e+00  2.9052e-04  7.4757e+05  7.4764e+05
aurivulg	 F_Ba	 85358	     16	   55.6	    428	-1.5729	  8.9264e-01  1.2272e+00  5.1679e+01  1.1423e+01 -1.5878e+01  8.7401e+01  1.8724e+00  3.2104e-04  6.1810e+05  6.1816e+05
auxeprot	 P_Ch	 32927	     23	  185.3	   1885	-2.5958	  9.3557e-01 -1.5721e+03  1.7292e+03  3.0000e+01 -5.0203e+02  1.2233e+03  3.7647e+00  1.8848e-04  3.9345e+05  3.9351e+05
babebige	 O_Al	 7917	     18	   38.4	    640	-1.6813	  6.8300e-01  2.4498e+01  1.1504e+01  6.2924e+00 -5.0369e+01  1.2301e+02  2.4010e+00  2.7927e-03  6.1364e+04  6.1413e+04
babebovi	 O_Al	 6764	     18	   36.5	    615	-1.5000	  7.4743e-01  1.8990e+01  1.5717e+01  1.0712e+01 -3.4648e+01  1.1555e+02  2.2659e+00  1.0845e-03  4.6667e+04  4.6715e+04
babjinos	 F_As	 1639	     19	   69.1	   7095	-2.4991	  3.4365e-01  3.5640e+01  1.1174e+01  2.9563e+00 -5.0598e+00  9.7921e+01  1.1377e+00  1.3342e-03  1.8839e+04  1.8877e+04
backcirc	 F_Fu	 56015	     16	   67.8	    898	-1.9488	  8.2200e-01  5.7532e+00  5.6568e+01  6.3286e+00 -2.2536e+01  1.1210e+02  1.6897e+00  1.5801e-04  5.0266e+05  5.0272e+05
baleregu	 M_Av	 115396	     30	  948.5	  38009	-3.6635	  8.7872e-02  6.3124e+01  4.1355e+01  1.1624e+00 -1.9858e+02  9.6804e+02  1.4175e+00  2.7826e-05  1.9464e+06  1.9465e+06
batrdend	 F_Ch	 28844	     17	   90.1	   1004	-2.2142	  7.5525e-01 -7.2899e+01  1.5179e+02  9.5919e+00 -7.8280e+01  2.0146e+02  2.3084e+00  2.4804e-04  2.9421e+05  2.9427e+05
baudcomp	 F_As	 15185	     19	   59.2	    549	-1.8623	  7.5757e-01  2.1841e+01  3.2842e+01  5.5844e+00 -3.9774e+01  1.1807e+02  2.4090e+00  5.2250e-04  1.3023e+05  1.3029e+05
beaubass	 F_As	 17672	     23	   64.2	    972	-2.0658	  6.9913e-01  3.2840e+01  2.3081e+01  2.6412e+00 -5.1774e+00  9.0669e+01  1.7233e+00  4.1158e-04  1.6811e+05  1.6817e+05
belganta	 M_In	 81216	     16	   66.9	   9996	-2.4395	  5.1904e-01  5.5063e+00  5.0566e+01  1.1333e+01 -1.7710e+01  1.8459e+02  1.1421e+00  2.4886e-04  9.1094e+05  9.1101e+05
biomglab	 M_Mo	 169662	     17	  832.6	  41956	-3.5731	  1.4172e-01  7.4561e+01  4.3125e+01  1.2329e+00 -9.1521e+01  7.3686e+02  1.2731e+00  4.0454e-05  2.8002e+06  2.8003e+06
bjeradus	 F_Ba	 80419	     17	   54.3	    462	-1.4759	  9.2099e-01 -1.9998e+00  5.4000e+01  1.3771e+01 -4.6499e+00  8.1648e+01  1.5648e+00  4.4059e-04  5.4638e+05  5.4644e+05
blasaden	 F_As	 849	     19	   51.8	   1987	-1.9089	  7.8526e-01  2.0483e+01  2.6905e+01  4.6083e+00  4.0188e+00  9.1462e+01  1.2184e+00  2.8821e-03  7.3938e+03  7.4270e+03
blatgerm	 M_In	 4280	     24	 1889.5	 108528	-3.9894	  1.7598e-01  6.5577e+01  7.3671e+01  6.8614e-01 -5.2645e+02  2.1834e+03  1.3732e+00  2.4518e-04  7.8687e+04  7.8732e+04
boecstri	 P_Eu	 117223	     16	  105.6	   1887	-2.4588	  5.4207e-01 -1.5865e+01  1.0299e+02  8.9158e+00 -1.0549e+02  2.7624e+02  2.2835e+00  1.0984e-04  1.3272e+06  1.3272e+06
bombimpa	 M_In	 116318	     30	  116.0	  54150	-2.8661	  4.5689e-01 -1.7740e+02  2.5319e+02  2.2491e+01  1.5433e+01  2.4054e+02  8.6465e-01  9.1172e-05  1.5351e+06  1.5352e+06
bombmori	 M_In	 144545	     16	  746.8	  25320	-3.5304	  8.7197e-02  5.2550e+01  2.8430e+01  2.1595e+00 -1.6037e+02  7.7744e+02  1.4914e+00  4.0622e-05  2.3526e+06  2.3527e+06
bombterr	 M_In	 65280	     16	  132.7	  76331	-2.9732	  4.4813e-01 -4.5382e+01  1.2164e+02  1.0234e+01  6.4985e+00  3.1075e+02  8.5384e-01  9.6168e-05  8.9487e+05  8.9493e+05
botrcine	 F_As	 26333	     22	   73.5	   1016	-2.3340	  4.7632e-01  3.1862e+01  2.1258e+01  3.4393e+00 -1.2357e+02  2.4803e+02  3.0469e+00  3.7842e-04  2.8298e+05  2.8304e+05
botrdoth	 F_As	 34951	     37	   59.2	    980	-1.9955	  6.6981e-01 -2.6639e+01  7.9691e+01  1.4343e+01 -1.2649e+01  1.1006e+02  1.9018e+00  6.0918e-04  3.2082e+05  3.2088e+05
branflor	 M_Ch	 167149	     16	  540.1	  29519	-3.4047	  8.2226e-01 -6.3548e+01  4.9558e+02  1.2471e+00 -2.2638e+03  2.6949e+03  2.5231e+01  2.6916e-05  2.6202e+06  2.6202e+06
brasnapu	 P_Eu	 389377	     20	   97.1	   2980	-2.3957	  5.7863e-01 -2.3004e+02  3.1186e+02  2.8236e+01 -8.3330e+00  1.6744e+02  1.5366e+00  6.6046e-05  4.2965e+06  4.2966e+06
brasoler	 P_Eu	 200096	     19	   97.8	   2979	-2.4068	  5.7703e-01 -2.5424e+02  3.3628e+02  3.0000e+01 -1.0858e+01  1.7371e+02  1.5574e+00  8.2551e-05  2.2181e+06  2.2181e+06
brasrapa	 P_Eu	 165383	     16	   95.0	   2214	-2.3642	  6.1059e-01 -2.2794e+02  3.0969e+02  2.8201e+01 -5.4560e+01  2.1718e+02  1.8536e+00  1.1147e-04  1.8007e+06  1.8008e+06
brugmala	 M_Ne	 155898	     16	  221.1	   2805	-2.7975	  3.5643e-01  4.2675e+01  7.6104e+01  1.1938e+00 -3.1508e+02  5.2642e+02  4.7448e+00  7.0454e-05  2.0081e+06  2.0082e+06
brugtimo	 M_Ne	 60134	     16	  216.7	   1384	-2.7673	  1.5646e-01  4.7594e+01  4.7430e+01  1.4578e+00 -2.9280e+02  4.8642e+02  4.3626e+00  1.0846e-04  7.6643e+05  7.6650e+05
bucerhin	 M_Av	 106196	     24	  925.2	  37807	-3.6545	  8.8410e-02  6.4153e+01  4.0659e+01  1.1148e+00 -1.8629e+02  9.3837e+02  1.4082e+00  2.8737e-05  1.7868e+06  1.7869e+06
cadospec	 F_As	 51045	     16	   57.3	    619	-1.9622	  6.1513e-01  3.4824e+01  1.5932e+01  3.1221e+00 -1.2120e+01  8.7372e+01  2.1933e+00  2.4808e-04  4.6129e+05  4.6135e+05
caenrema	 M_Ne	 249285	     16	   52.8	   9774	-2.2881	  5.6766e-01 -4.0377e+01  8.6708e+01  2.5260e+01 -1.3631e+01  1.6905e+02  1.0974e+00  3.1155e-04  2.6188e+06  2.6189e+06
caliorie	 F_As	 18913	     37	   61.9	    746	-1.9902	  6.2187e-01  2.2641e+01  3.1213e+01  5.0738e+00  9.8762e+00  7.3071e+01  1.8697e+00  4.9611e-04  1.7331e+05  1.7337e+05
calljacc	 M_Mm	 185121	     17	 1742.5	 313033	-4.0535	  2.1373e-01  6.4390e+01  8.1170e+01  7.0041e-01 -2.2768e+02  1.8039e+03  1.0075e+00  1.8429e-05  3.4506e+06  3.4507e+06
callmili	 M_Ch	 158101	     17	  986.9	  79710	-3.7515	  4.9182e-02  5.7639e+01  4.5064e+01  1.9354e+00 -8.4981e+01  8.5204e+02  1.1554e+00  2.1358e-05  2.7316e+06  2.7317e+06
calocorn	 F_Ba	 50367	     16	   52.8	    434	-1.5424	  8.6786e-01  2.9667e+01  2.0842e+01  5.7990e+00 -1.4808e+01  8.5374e+01  1.9623e+00  6.0489e-04  3.5751e+05  3.5757e+05
camesati	 P_Eu	 380993	     30	  106.4	   2874	-2.4353	  5.5661e-01 -1.7637e+02  2.6458e+02  2.2898e+01 -6.6681e+00  1.7795e+02  1.6088e+00  5.7201e-05  4.2728e+06  4.2729e+06
candcase	 F_As	 1014	     20	   72.4	   3785	-2.4771	  2.5461e-01  1.3856e+01  3.8001e+01  6.0616e+00 -1.6193e+00  7.6101e+01  1.2800e+00  2.1335e-03  1.1569e+04  1.1603e+04
candtanz	 F_As	 1372	     19	   81.2	   3461	-2.5105	  2.2403e-01  4.0127e+01  7.6526e+00  8.5299e-01 -4.6793e+00  7.7251e+01  1.3996e+00  3.4752e-03  1.5850e+04  1.5886e+04
candtenu	 F_As	 707	     16	   78.7	  64993	-2.6265	  7.0812e-01  5.8716e+00  6.9201e+01  9.1542e-01  3.3681e+01  1.9893e+01  2.0393e+00  2.8210e-03  8.5473e+03  8.5792e+03
capitele	 M_An	 137273	     16	   61.8	  16673	-2.4601	  5.4039e-01 -4.5330e+01  9.7496e+01  2.2619e+01 -1.4695e+01  2.1272e+02  1.0351e+00  1.0934e-04  1.5512e+06  1.5513e+06
caprcaro	 M_Av	 109525	     30	  948.9	  32904	-3.6497	  8.9844e-02  6.1470e+01  4.2296e+01  1.2498e+00 -2.2876e+02  1.0054e+03  1.4895e+00  2.9268e-05  1.8407e+06  1.8407e+06
caprhirc	 M_Mm	 126573	     16	 1553.2	 224962	-3.9908	  1.6478e-01  6.6212e+01  6.3031e+01  7.6235e-01 -1.9443e+02  1.5103e+03  1.0355e+00  2.2613e-05  2.3241e+06  2.3241e+06
capsowcz	 O_Op	 62842	     17	  105.4	   1335	-2.3420	  8.4319e-01 -7.1733e+01  1.6276e+02  7.3198e+00 -5.6380e+02  8.4862e+02  4.2573e+00  2.1800e-04  6.7847e+05  6.7854e+05
capsrube	 P_Eu	 115139	     16	  103.6	   1273	-2.3707	  6.1381e-01 -1.2435e+01  1.0032e+02  8.3405e+00 -1.6527e+02  3.4543e+02  3.0426e+00  1.4436e-04  1.2567e+06  1.2568e+06
caricris	 M_Av	 113945	     27	  964.1	  36670	-3.6664	  8.5216e-02  6.3547e+01  4.1148e+01  1.1512e+00 -2.1611e+02  9.9621e+02  1.4435e+00  2.8241e-05  1.9235e+06  1.9236e+06
caripapa	 P_Eu	 83870	     21	  188.5	   7418	-2.9473	  3.4798e-01  1.2960e+01  7.8725e+01  4.6376e+00 -1.3120e+02  3.9912e+02  1.6554e+00  7.5396e-05  1.1396e+06  1.1397e+06
cateangu	 F_Bl	 23330	     16	   79.8	   1059	-1.9653	  8.2410e-01 -2.0561e+02  2.8004e+02  3.0000e+01 -3.3230e+01  1.3169e+02  1.6759e+00  3.5624e-04  2.1000e+05  2.1006e+05
cephalbi	 F_As	 2744	     16	   66.2	   2271	-2.2884	  5.3631e-01 -3.9889e+00  7.1351e+01  1.3494e+00  4.0086e+01  1.7580e+01  2.3064e+00  1.6209e-03  2.8909e+04  2.8951e+04
cephcinc	 M_In	 78268	     16	  103.5	  62088	-2.8270	  5.4897e-01 -3.3168e+01  1.0801e+02  8.2675e+00  9.6841e+00  3.1431e+02  8.5069e-01  1.1215e-04  1.0182e+06  1.0182e+06
cephfrag	 F_As	 2495	     19	   65.0	   1070	-2.2240	  5.6445e-01 -2.5553e+01  9.6937e+01  1.9472e+00  3.7770e+01  1.7850e+01  2.9784e+00  1.7291e-03  2.5555e+04  2.5596e+04
cerasolm	 M_In	 59021	     29	  350.5	  88985	-3.3201	  2.5952e-01 -8.5691e+01  1.6154e+02  1.3325e+01 -5.9645e+00  4.0219e+02  9.2501e-01  5.6758e-05  9.0181e+05  9.0187e+05
cercatys	 M_Mm	 231437	     23	 1819.7	 434318	-4.0959	  2.1345e-01  6.4341e+01  8.2603e+01  6.9511e-01 -1.8529e+02  1.8264e+03  9.4529e-01  1.5571e-05  4.3580e+06  4.3581e+06
cerisubv	 F_Ba	 69822	     16	   56.3	    643	-1.6550	  8.6186e-01  7.7342e+00  4.5595e+01  9.5854e+00 -8.3735e+00  8.2750e+01  1.5992e+00  2.6903e-04  5.3205e+05  5.3211e+05
chaeglob	 F_As	 22103	     19	   82.3	   1160	-2.3364	  7.1128e-01  4.2402e+01  1.9253e+01  1.4203e+00 -1.3858e+02  3.1256e+02  3.2563e+00  3.6013e-04  2.3758e+05  2.3763e+05
chaepela	 M_Av	 130951	     30	  965.7	  69525	-3.7278	  8.5341e-02  5.5753e+01  3.9978e+01  1.6651e+00 -1.2915e+02  9.0540e+02  1.1988e+00  2.3709e-05  2.2481e+06  2.2482e+06
charvoci	 M_Av	 134886	     23	 1027.9	  77087	-3.7588	  7.8847e-02  5.6817e+01  4.1774e+01  1.5881e+00 -1.3794e+02  9.4682e+02  1.1845e+00  2.2640e-05  2.3348e+06  2.3348e+06
chelmyda	 M_Rp	 153341	     30	 1577.1	 163542	-3.9795	  4.5707e-02  6.4555e+01  3.5086e+01  1.3574e+00 -1.8392e+02  1.3384e+03  1.0920e+00  1.6968e-05  2.8089e+06  2.8090e+06
chioapob	 F_Ba	 50790	     17	   49.4	    330	-1.3062	  6.6343e-02  5.9819e+00  4.7074e+01  1.3209e+00 -3.8072e+01  8.5589e+01  3.0000e+01  1.6300e-03  3.0317e+05  3.0323e+05
chlamacq	 M_Av	 108508	     30	  946.2	  34366	-3.6531	  8.5083e-02  6.5947e+01  3.9659e+01  1.0650e+00 -2.1977e+02  9.8487e+02  1.4667e+00  2.9316e-05  1.8252e+06  1.8252e+06
chlarein	 P_Ch	 133509	     19	  227.9	   1338	-2.6863	  8.2100e-01 -7.5247e+02  9.2997e+02  1.2236e+01  9.4584e+01  2.0932e+02  2.0051e+00  8.1785e-05  1.6516e+06  1.6517e+06
chlosaba	 M_Mm	 228499	     25	 1785.9	 379117	-4.0765	  2.2381e-01  6.4515e+01  8.3979e+01  6.8933e-01 -2.1207e+02  1.8508e+03  9.7458e-01  1.6420e-05  4.2829e+06  4.2829e+06
choiveno	 F_As	 52355	     16	   66.5	   1266	-2.0503	  8.7105e-02  1.3765e+01  3.3460e+01  8.2241e-01  3.6923e+01  2.4091e+01  1.8309e+00  2.7085e-04  4.9445e+05  4.9451e+05
choncris	 O_Rh	 5747	     12	  117.0	   1525	-2.4803	  7.0615e-01 -1.5330e+02  2.4290e+02  4.7315e+00  8.4636e+01  2.8886e+01  1.0437e+00  1.6621e-03  6.5662e+04  6.5708e+04
chroveli	 O_Al	 117164	     28	  372.7	   5857	-2.9824	  4.4042e-01 -4.8676e+01  3.2357e+02  1.5401e+00 -1.5199e+03  1.8559e+03  1.7961e+01  6.0983e-05  1.6090e+06  1.6090e+06
chrypict	 M_Rp	 206988	     26	 1689.0	 278390	-4.0461	  5.7949e-02  6.8825e+01  4.0573e+01  9.2884e-01 -1.2745e+02  1.3466e+03  9.8260e-01  1.3617e-05  3.8527e+06  3.8528e+06
cioninte	 M_Ch	 112640	     16	  331.4	   7113	-2.9970	  2.2426e-01  4.5575e+01  3.3037e+01  7.0993e-01 -2.0219e+02  5.1281e+02  3.4355e+00  8.8414e-05  1.5552e+06  1.5552e+06
clavpyxi	 F_Ba	 83550	     16	   55.8	    378	-1.5803	  8.9206e-01  1.0175e+00  5.2069e+01  1.1105e+01 -1.8858e+01  8.8056e+01  2.0238e+00  4.3963e-04  6.0779e+05  6.0786e+05
clavspec	 F_Ba	 74818	     16	   65.0	    702	-1.8756	  8.8094e-01  3.1533e+01  2.8797e+01  3.3552e+00 -1.7309e+01  1.0360e+02  1.6279e+00  2.4464e-04  6.4605e+05  6.4611e+05
cluphare	 M_Fs	 202970	     17	  443.1	  50443	-3.4180	  2.1452e-01  7.1002e+01  6.0178e+01  9.0037e-01 -2.2862e+01  4.3681e+02  1.0863e+00  2.7056e-05  3.1942e+06  3.1943e+06
coccimmi	 F_As	 21762	     20	   67.7	    444	-2.0376	  6.7801e-01  2.3624e+01  3.5234e+01  3.9693e+00 -8.7535e+01  1.7814e+02  3.8078e+00  3.5589e-04  2.0422e+05  2.0427e+05
colistri	 M_Av	 106749	     29	  916.7	  32841	-3.6363	  9.3313e-02  6.0959e+01  4.0291e+01  1.3115e+00 -2.1070e+02  9.6551e+02  1.4719e+00  3.0866e-05  1.7874e+06  1.7875e+06
collfalc	 F_As	 30537	     16	   67.7	    880	-2.0972	  7.1321e-01  3.5728e+01  2.3242e+01  2.2468e+00 -1.2127e+01  9.5506e+01  1.8287e+00  2.9155e-04  2.9489e+05  2.9495e+05
collgram	 F_As	 20777	     19	   63.8	    508	-1.9603	  8.0463e-01  3.7070e+01  2.0414e+01  2.2677e+00 -4.1058e+01  1.2650e+02  2.5832e+00  4.1121e-04  1.8756e+05  1.8761e+05
collhigg	 F_As	 23065	     17	   67.1	    550	-2.0056	  8.4493e-01  3.7912e+01  2.2575e+01  1.9090e+00 -1.1531e+01  8.1492e+01  2.0703e+00  3.2342e-04  2.1303e+05  2.1309e+05
collsome	 F_As	 30020	     16	   66.1	    899	-2.0541	  8.1949e-01  3.6256e+01  2.2160e+01  2.1635e+00 -3.6331e+01  1.5179e+02  1.9993e+00  3.2151e-04  2.8396e+05  2.8402e+05
collsubl	 F_As	 30263	     16	   65.6	    929	-2.0442	  8.2486e-01  3.6876e+01  2.1324e+01  2.1297e+00 -3.4747e+01  1.4984e+02  1.9357e+00  2.3527e-04  2.8488e+05  2.8494e+05
collzoys	 F_As	 31236	     17	   66.2	    811	-2.0646	  7.1606e-01  3.5639e+01  2.2329e+01  2.4048e+00 -1.5397e+01  1.0183e+02  1.9387e+00  2.5958e-04  2.9697e+05  2.9703e+05
conicoro	 F_En	 18182	     17	   52.3	   1021	-1.5580	  8.5931e-01 -5.8433e+01  1.0854e+02  3.0000e+01  7.5922e+00  5.3912e+01  1.1313e+00  4.1071e-04  1.3023e+05  1.3028e+05
conipute	 F_Ba	 78091	     16	   57.5	    609	-1.7432	  8.5267e-01  2.2020e+01  3.1791e+01  5.5336e+00 -1.5467e+01  9.3554e+01  1.7727e+00  2.0198e-04  6.2683e+05  6.2689e+05
conispec	 F_As	 23495	     17	   65.6	   1035	-1.9961	  7.7954e-01  2.8085e+01  3.1082e+01  3.6630e+00 -1.1664e+01  1.0467e+02  1.6395e+00  2.7416e-04  2.1597e+05  2.1603e+05
copiflor	 M_In	 58358	     16	   97.3	 189052	-2.8595	  5.2110e-01 -2.3256e+02  3.0758e+02  3.0000e+01  2.3720e+01  2.8241e+02  7.0037e-01  9.7533e-05  7.6846e+05  7.6852e+05
coprcine	 F_Ba	 61864	     21	   56.7	    519	-1.7100	  8.2278e-01  7.6546e+00  4.5825e+01  9.7416e+00 -3.9603e+01  1.2213e+02  2.3384e+00  4.3223e-04  4.8715e+05  4.8721e+05
cortglau	 F_Ba	 96044	     16	   57.0	    826	-1.6854	  8.6327e-01 -3.0191e+01  8.4173e+01  1.5948e+01 -3.1885e-01  6.6102e+01  1.3028e+00  2.4772e-04  7.4538e+05  7.4545e+05
cotevest	 M_In	 37406	     16	  150.6	  21272	-2.9530	  4.5367e-01 -7.9853e-01  7.5359e+01  5.6472e+00 -6.3422e+01  4.2439e+02  1.1970e+00  1.2105e-04  5.0848e+05  5.0854e+05
crasgiga	 M_Mo	 375440	     16	  389.1	  30763	-3.3250	  2.7506e-01  6.8379e+01  6.1581e+01  9.9819e-01 -3.2297e+01  4.3588e+02  1.1959e+00  3.3101e-05  5.7446e+06  5.7446e+06
cronquer	 F_Ba	 54963	     16	   86.9	    961	-2.0860	  9.0126e-01  8.7241e+00  7.0053e+01  4.3602e+00 -2.2301e+01  1.3024e+02  1.4641e+00  1.4558e-04  5.2800e+05  5.2807e+05
crypneof	 F_Ba	 34649	     19	   56.2	    432	-1.7491	  7.6483e-01  1.3161e+01  3.9311e+01  7.4578e+00  8.3437e-01  6.4346e+01  2.0189e+00  3.8192e-04  2.7916e+05  2.7922e+05
cryppara	 O_Ch	 2	     62	  100.0	      1	-1.8840	  9.2831e-01  4.0398e+01  2.8372e+01  2.7642e+00 -1.8309e+01  9.9581e+01  1.7584e+00  4.8220e-01  3.1470e+01  2.2322e+01
crypparf	 F_As	 22429	     16	   85.3	    928	-2.2731	  7.8900e-02 -2.9100e+02  3.3150e+02  3.0000e+01  3.2696e+01  4.4748e+01  1.7403e+00  4.5471e-04  2.3480e+05  2.3486e+05
crypparv	 O_Al	 265	     30	   63.8	   2656	-2.2721	  1.0000e+00  2.2119e+01  2.7190e+01  1.1580e+00 -2.5426e+03  2.5850e+03  1.9512e+03  7.6019e-03  2.9503e+03  2.9754e+03
crypvish	 F_Ba	 37615	     19	   62.0	    508	-1.6777	  9.0931e-01 -1.1069e+02  1.6935e+02  2.6507e+01 -2.1267e+01  1.0552e+02  1.7791e+00  4.2603e-04  2.9042e+05  2.9048e+05
cyanmero	 P_Ba	 27	     70	  235.5	   1044	-2.6477	  2.8606e-01 -2.4329e+01  1.0917e+02  7.4112e+00 -7.5532e+01  2.9283e+02  3.6959e+00  3.8328e-02  3.4466e+02  3.5373e+02
cylitorr	 F_Ba	 63418	     17	   51.4	    277	-1.4064	  9.1504e-01 -4.8029e+01  9.7331e+01  2.8750e+01 -2.9468e+01  9.8491e+01  2.4694e+00  7.1131e-04  4.1071e+05  4.1078e+05
dacrspec	 F_Ba	 45270	     16	   52.0	    504	-1.5176	  8.8346e-01  1.2665e+01  3.7050e+01  1.0098e+01 -5.2936e+00  7.5372e+01  1.6359e+00  5.3899e-04  3.1613e+05  3.1619e+05
daldesch	 F_As	 48861	     19	   72.5	   1828	-2.2719	  6.7211e-01  3.5410e+01  2.3995e+01  2.2001e+00 -3.0848e+01  1.5427e+02  1.6819e+00  1.4626e-04  5.1113e+05  5.1119e+05
danaplex	 M_In	 76123	     17	  279.0	  13810	-3.0916	  1.7353e-01  4.0037e+01  3.4649e+01  4.2259e+00 -3.0562e+01  2.9211e+02  1.3231e+00  5.9008e-05  1.0845e+06  1.0846e+06
daphpule	 M_Ar	 107621	     16	   75.8	   8523	-2.3725	  6.2018e-01  2.6216e+01  3.9431e+01  4.8905e+00 -1.2209e+01  1.5927e+02  1.0860e+00  9.1247e-05  1.1748e+06  1.1749e+06
debahans	 F_As	 401	     40	   73.2	   1078	-2.2595	  6.9068e-01  4.2221e+01  1.6423e+01  1.5249e+00 -9.6503e+01  2.3742e+02  2.7549e+00  3.6471e-03  4.1763e+03  4.2042e+03
dekkbrux	 F_As	 1958	     16	  102.9	   8825	-2.7367	  8.9578e-01 -1.7255e+00  8.7695e+01  1.1244e+00 -1.6376e+01  8.6122e+01  1.0191e+01  2.1444e-03  2.4645e+04  2.4684e+04
diacallo	 M_In	 59330	     20	  607.4	  77362	-3.5018	  2.5627e-01  6.3801e-01  7.7365e+01  4.4669e+00 -8.7602e+01  7.3479e+02  1.0732e+00  5.8997e-05  9.5675e+05  9.5681e+05
diapcitr	 M_In	 70562	     16	  557.9	  78940	-3.5164	  7.3963e-01 -6.8997e+01  5.3126e+02  9.9825e-01 -7.3753e+02  1.1372e+03  8.2351e+00  4.7101e-05  1.1418e+06  1.1419e+06
dictfasc	 O_Am	 31406	     19	   85.5	   2309	-2.3391	  5.7981e-01 -2.5870e+02  3.3362e+02  2.9990e+01 -3.7249e+01  1.4415e+02  1.5863e+00  2.0211e-04  3.3803e+05  3.3809e+05
dictpurp	 O_Am	 17957	     17	   78.0	   2518	-2.1665	  6.6655e-01 -1.6999e+02  2.4095e+02  3.0000e+01 -1.1963e+01  1.2147e+02  1.3808e+00  2.8880e-04  1.7904e+05  1.7910e+05
dinoquad	 M_In	 77484	     20	  273.6	 107099	-3.2634	  2.7198e-01 -3.6507e+01  1.1769e+02  7.3892e+00  1.5125e+01  3.0863e+02  8.5096e-01  4.7735e-05  1.1650e+06  1.1650e+06
dracmedi	 M_Ne	 45288	     16	  208.2	   3004	-2.8828	  2.9899e-01  2.9383e+01  6.9788e+01  1.7547e+00 -1.5631e+02  3.7030e+02  2.3441e+00  1.2162e-04  6.0146e+05  6.0152e+05
dufonova	 M_In	 50932	     30	  116.1	  58908	-2.8882	  4.6488e-01 -2.4238e+02  3.1743e+02  3.0000e+01  9.6250e+00  2.8196e+02  8.7393e-01  1.0801e-04  6.7702e+05  6.7708e+05
egregarz	 M_Av	 130138	     30	 1036.0	  78223	-3.7636	  7.4825e-02  5.7743e+01  4.0645e+01  1.5721e+00 -1.3838e+02  9.4894e+02  1.1822e+00  2.3097e-05  2.2554e+06  2.2555e+06
eimebrun	 O_Al	 23774	     19	  245.3	   3209	-2.9021	  1.4095e-01  6.0603e+01  8.0060e+01  1.5640e+00 -8.2135e+01  2.9993e+02  2.1868e+00  2.1770e-04  3.1773e+05  3.1779e+05
eimeneca	 O_Al	 26103	     16	  228.6	   2304	-2.7963	  5.5927e-01 -2.0687e+02  4.0683e+02  3.5801e+00  3.4881e+01  1.3784e+02  1.6619e+00  2.5235e-04  3.3608e+05  3.3613e+05
eimetene	 O_Al	 274	     19	  418.0	  10154	-3.2761	  2.8408e-01  1.7621e+01  5.5207e+01  1.0102e+00 -3.3067e+02  7.7582e+02  2.0386e+00  3.7919e-03  4.1510e+03  4.1763e+03
elepedwa	 M_Mm	 165675	     29	 1577.5	 364847	-4.0263	  2.2330e-01  6.4707e+01  6.2981e+01  7.2995e-01 -2.0367e+02  1.6835e+03  9.5293e-01  2.0179e-05  3.0684e+06  3.0684e+06
emilhuxl	 O_Ha	 94482	     16	  116.8	   2206	-2.5529	  2.5926e-01 -7.3635e+01  1.4452e+02  3.0000e+01 -3.7465e+01  1.6190e+02  1.9002e+00  1.4582e-04  1.1113e+06  1.1113e+06
encecuni	 F_Mi	 5	     25	   41.0	      1	-1.5474	  4.5446e-01  2.3726e+01  3.1512e+00  1.0881e+00 -3.5477e+01  7.7166e+01  1.8669e+01  1.6420e-01  1.3773e+02  1.3500e+02
entadisp	 O_Am	 3169	     21	   58.4	    524	-2.0433	  5.3200e-01 -1.2844e+02  1.7966e+02  3.0000e+01 -4.6963e+01  1.1583e+02  2.8412e+00  1.0678e-03  2.9837e+04  2.9880e+04
entahist	 O_Am	 2760	     16	   57.6	    447	-1.8826	  7.7553e-01  1.4296e+01  3.7536e+01  5.2538e+00 -4.2887e+01  1.2541e+02  2.7845e+00  1.5924e-03  2.3942e+04  2.3984e+04
entainva	 O_Am	 4404	     16	   74.6	    524	-2.2852	  2.1127e-01 -1.5121e+02  1.9580e+02  3.0000e+01 -7.6598e+01  1.5122e+02  3.6658e+00  1.1004e-03  4.6431e+04  4.6476e+04
erytgutt	 P_Eu	 118176	     16	  132.3	   3377	-2.7071	  5.5244e-01  1.6596e+01  7.6008e+01  4.4971e+00 -1.9881e+02  5.1519e+02  2.3168e+00  7.5481e-05  1.4730e+06  1.4731e+06
erythase	 F_Ba	 87710	     17	   59.6	    229	-1.5930	  9.4072e-01  3.1441e+00  5.3301e+01  8.9233e+00 -7.7915e+01  1.6027e+02  3.7485e+00  3.3585e-04  6.4312e+05  6.4319e+05
eucagran	 P_Eu	 136452	     16	  201.2	   4377	-2.9310	  3.8467e-01  3.2468e+01  6.1267e+01  3.1435e+00 -3.1703e+02  6.3230e+02  2.3989e+00  7.8018e-05  1.8498e+06  1.8499e+06
eurorubr	 F_As	 20390	     17	   57.4	    685	-1.8071	  8.4342e-01  2.6882e+01  2.6542e+01  4.0752e+00 -1.2804e+01  8.3654e+01  1.6158e+00  4.0404e-04  1.6965e+05  1.6971e+05
euryheli	 M_Av	 106348	     30	  945.3	  33796	-3.6514	  8.8111e-02  6.2221e+01  4.3017e+01  1.1533e+00 -2.1765e+02  9.8807e+02  1.4727e+00  2.9792e-05  1.7880e+06  1.7881e+06
eutrsals	 P_Eu	 114356	     16	  104.8	   1399	-2.4066	  5.8098e-01 -2.9084e+01  1.1741e+02  9.7385e+00 -1.6244e+02  3.3384e+02  2.8669e+00  1.2086e-04  1.2674e+06  1.2675e+06
eutylata	 F_As	 21869	     41	   81.8	    920	-2.2769	  4.7824e-01  1.9246e+01  4.0692e+01  4.2950e+00 -1.3671e+01  1.2118e+02  2.2735e+00  3.3602e-04  2.2929e+05  2.2935e+05
exidglan	 F_Ba	 111811	     16	   53.9	    895	-1.6063	  8.9722e-01 -4.2304e+01  9.3399e+01  1.9681e+01 -3.3708e+00  8.4025e+01  1.2656e+00  2.3135e-04  8.2727e+05  8.2733e+05
exobvacc	 F_Ba	 15411	     19	   76.6	    693	-1.9151	  8.6935e-01 -1.1976e+02  1.9113e+02  1.8460e+01 -2.3299e+01  1.0613e+02  1.6993e+00  4.3199e-04  1.3585e+05  1.3590e+05
fibrradi	 F_Ba	 50573	     22	   55.6	    805	-1.5457	  9.1765e-01 -3.0031e+01  8.3162e+01  1.8062e+01  1.4241e+01  5.6931e+01  1.0529e+00  4.5940e-04  3.5963e+05  3.5970e+05
fibuspec	 F_Ba	 125277	     16	   56.7	   1150	-1.7546	  8.0792e-01  1.1047e+01  4.2486e+01  8.8177e+00  7.3053e-01  6.5161e+01  1.2666e+00  2.5135e-04  1.0123e+06  1.0124e+06
fisthepa	 F_Ba	 52471	     16	   56.6	    582	-1.7914	  7.4774e-01 -4.4918e+00  5.7541e+01  1.2012e+01 -1.9149e+01  8.7534e+01  2.0306e+00  3.4343e-04  4.3283e+05  4.3289e+05
fomipini	 F_Ba	 72794	     16	   56.3	    893	-1.6641	  8.6413e-01 -9.2731e+00  6.2608e+01  1.3152e+01 -3.7597e+00  8.3983e+01  1.3867e+00  2.7384e-04  5.5777e+05  5.5783e+05
fontalba	 O_Op	 44190	     21	  152.6	   3611	-2.5117	  8.5256e-01 -4.3632e+02  5.6713e+02  1.3745e+01 -3.9891e+01  2.4604e+02  1.2483e+00  1.9339e-04  5.1109e+05  5.1115e+05
fopiaris	 M_In	 55479	     34	  211.7	  90271	-3.1410	  2.9990e-01 -3.3919e+02  4.1099e+02  3.0000e+01  3.7084e+01  2.2965e+02  8.2667e-01  7.0611e-05  8.0205e+05  8.0211e+05
fragcyli	 O_St	 2971	     39	  164.4	    860	-2.4603	  4.4270e-03  3.1625e+01  3.1292e+01  9.2662e-01 -8.4217e-01  1.4585e+02  3.0048e+00  8.7952e-04  3.3706e+04  3.3748e+04
fragvesc	 P_Eu	 131193	     19	  158.6	   5614	-2.8348	  4.5421e-01  3.7487e+01  5.5819e+01  3.3023e+00 -1.3937e+02  4.2706e+02  1.8027e+00  6.0418e-05  1.7131e+06  1.7131e+06
franocci	 M_In	 16192	     16	   90.7	   8469	-2.2783	  7.2836e-01  1.5599e+01  6.6829e+01  7.0244e+00 -8.0184e+00  2.0128e+02  1.0656e+00  2.9647e-04  1.6917e+05  1.6922e+05
fulmglac	 M_Av	 112319	     26	  972.1	  34713	-3.6633	  7.9561e-02  6.5180e+01  3.8110e+01  1.1307e+00 -2.2943e+02  1.0107e+03  1.4733e+00  2.8984e-05  1.8945e+06  1.8946e+06
galdsulp	 P_Ba	 27350	     25	   51.9	    211	-1.4267	  9.3148e-01 -7.4563e+01  1.2423e+02  3.0000e+01  1.4904e+01  3.8453e+01  1.5845e+00  1.0699e-03  1.7936e+05  1.7941e+05
ganospec	 F_Ba	 86149	     16	   61.3	    924	-1.8529	  8.5404e-01  2.9527e+01  2.7189e+01  3.8931e+00 -1.8020e+01  1.1765e+02  1.6132e+00  2.1897e-04  7.3486e+05  7.3493e+05
gavistel	 M_Av	 107461	     30	  991.5	  34051	-3.6679	  7.0010e-02  6.5463e+01  3.6829e+01  1.1933e+00 -2.3253e+02  1.0238e+03  1.4887e+00  2.8679e-05  1.8149e+06  1.8150e+06
gekkjapo	 M_Rp	 164626	     30	 1976.5	 105646	-4.0137	  9.7091e-02  7.0684e+01  6.2542e+01  7.4392e-01 -4.2009e+02  1.9896e+03  1.3264e+00  1.7502e-05  3.0432e+06  3.0433e+06
geosfort	 M_Av	 133414	     30	  908.2	  66671	-3.7021	  8.6951e-02  5.5155e+01  3.7657e+01  1.7321e+00 -1.2061e+02  8.5320e+02  1.1936e+00  2.5108e-05  2.2750e+06  2.2750e+06
globpall	 M_Ne	 112993	     22	   90.7	   2585	-2.4963	  3.7341e-01 -1.6531e+02  2.1558e+02  3.0000e+01 -9.8687e+00  1.3301e+02  1.6247e+00  2.3225e-04  1.2985e+06  1.2986e+06
gloetrab	 F_Ba	 57173	     16	   56.1	    591	-1.6231	  8.6750e-01 -2.0732e+01  7.3981e+01  1.6203e+01 -1.1407e+01  8.4416e+01  1.6583e+00  3.2052e-04  4.2728e+05  4.2734e+05
glomacut	 F_As	 30887	     17	   63.5	    861	-1.9894	  7.4986e-01  3.3905e+01  2.3279e+01  2.8806e+00 -6.2178e+00  8.8784e+01  1.7147e+00  2.4717e-04  2.8297e+05  2.8303e+05
glomcing	 F_As	 36627	     16	   59.2	    987	-1.9266	  7.3788e-01  2.9626e+01  2.4424e+01  4.0115e+00 -3.5595e+00  8.6385e+01  1.6188e+00  2.6511e-04  3.2496e+05  3.2502e+05
glospall	 M_In	 8	     56	   70.0	    267	-2.4033	  7.4972e-01  3.9907e+01  2.1913e+01  3.5915e+00 -6.4269e+03  9.3309e+03  4.6511e+00  1.0495e-01  1.0256e+02  1.0311e+02
gonaprol	 F_Ch	 80319	     17	   69.1	    608	-1.9578	  8.0699e-01  2.2568e+01  4.0664e+01  4.8576e+00 -9.7872e+01  2.0794e+02  2.9801e+00  2.3248e-04  7.2406e+05  7.2413e+05
gongpulc	 M_Ne	 58848	     16	  517.0	   3996	-3.2250	  2.2354e-01  2.5955e+01  7.5021e+01  1.7168e+00 -9.1484e+02  1.4316e+03  4.1314e+00  8.7226e-05  8.7558e+05  8.7564e+05
guilthet	 O_Cr	 131468	     16	   53.8	    775	-2.0733	  6.0760e-01 -8.7928e+01  1.3528e+02  3.0000e+01 -1.2895e+02  2.4188e+02  3.3035e+00  2.0190e-04  1.2550e+06  1.2550e+06
gymnandr	 F_Ba	 142458	     16	   55.4	    754	-1.7273	  2.1936e-01 -2.2441e+00  5.9172e+01  1.4795e+00 -2.4903e+01  7.7495e+01  1.7440e+01  1.8696e-04  1.1327e+06  1.1328e+06
gymnaura	 F_As	 22029	     17	   63.5	    717	-1.9612	  7.6971e-01  2.7335e+01  3.0141e+01  3.5338e+00 -7.7144e+00  8.5848e+01  1.7918e+00  3.1535e-04  1.9895e+05  1.9900e+05
gymnchry	 F_Ba	 97683	     16	   56.5	    453	-1.6547	  8.6317e-01 -1.0734e+00  5.4524e+01  1.0816e+01 -2.0489e+01  9.0655e+01  1.9896e+00  2.0124e-04  7.4424e+05  7.4431e+05
gymncitr	 F_As	 22125	     16	   61.9	    712	-1.9365	  8.0377e-01  2.7161e+01  2.9456e+01  3.6321e+00 -3.0048e+01  1.0971e+02  1.9134e+00  3.0149e-04  1.9728e+05  1.9733e+05
gyrolivi	 F_Ba	 66914	     16	   56.2	    399	-1.6617	  8.6885e-01  2.5368e+01  2.7720e+01  5.3795e+00 -2.2238e+01  9.0765e+01  2.1151e+00  2.8375e-04  5.1181e+05  5.1188e+05
halialbi	 M_Av	 120485	     30	 1026.3	  42786	-3.7021	  7.5935e-02  6.4002e+01  4.1229e+01  1.1551e+00 -2.0109e+02  1.0201e+03  1.3958e+00  2.6563e-05  2.0535e+06  2.0536e+06
hanspoly	 F_As	 1001	     16	   49.0	  84760	-2.3646	  4.1414e-01  2.8430e+01  8.4536e+00  1.3652e+00  1.3099e+01  4.0435e+01  8.0563e-01  1.6994e-03  1.0940e+04  1.0975e+04
helimelp	 M_In	 81964	     16	  423.4	  15790	-3.3040	  6.7954e-02  1.4451e+01  6.5751e+01  7.5091e+00 -9.6050e+01  4.4522e+02  1.4618e+00  6.8099e-05  1.2484e+06  1.2485e+06
helorobu	 M_An	 219318	     17	  258.1	  11919	-3.0279	  8.4252e-01  7.9825e+00  1.7079e+02  1.2071e+00 -7.1040e+02  9.5732e+02  7.0154e+00  7.0626e-05  3.0560e+06  3.0560e+06
hessvesi	 F_Fu	 40282	     16	   65.7	    407	-1.8403	  9.2929e-01 -7.5478e+00  6.8001e+01  6.6212e+00 -3.1265e+01  1.2144e+02  2.0379e+00  3.2024e-04  3.4133e+05  3.4139e+05
heteanno	 F_Ba	 57267	     16	   58.9	    565	-1.7917	  8.1065e-01  2.7009e+01  2.8072e+01  4.8642e+00 -1.9969e+01  9.3389e+01  1.9732e+00  4.0994e-04  4.7233e+05  4.7239e+05
hetebact	 M_Ne	 88912	     16	  134.1	   7514	-2.8317	  2.1682e-01  3.0982e+01  3.2415e+01  2.3169e+00 -3.2682e+01  1.6536e+02  1.3220e+00  1.0513e-04  1.1581e+06  1.1582e+06
hetepycn	 F_Ba	 40503	     16	   44.0	    179	-1.3929	  8.9819e-01 -5.4107e+01  9.5984e+01  2.9035e+01 -3.3560e+01  8.9810e+01  3.4629e+00  7.0825e-04  2.5988e+05  2.5994e+05
histcaps	 F_As	 21158	     17	   90.5	   1031	-2.4285	  3.6793e-01 -3.9285e+01  1.0482e+02  8.1549e+00 -8.2261e+01  1.8386e+02  2.6856e+00  3.1579e-04  2.3665e+05  2.3671e+05
homavitr	 M_In	 5741	     20	 1993.5	 115654	-4.0343	  6.2563e-02  6.3455e+01  6.3757e+01  1.0350e+00 -3.8909e+02  1.9275e+03  1.2779e+00  1.7901e-04  1.0666e+05  1.0670e+05
homosapi	 M_Mm	 313281	     29	 1919.2	 464491	-4.1218	  2.1411e-01  6.3895e+01  9.3086e+01  6.9065e-01 -1.8585e+02  1.9101e+03  9.4313e-01  1.3618e-05  5.9340e+06  5.9340e+06
hyalarab	 O_St	 13062	     16	   92.6	   1222	-2.3970	  6.7212e-01 -3.0695e+01  1.2413e+02  2.1186e+00 -2.4738e+02  3.2370e+02  3.0000e+01  4.5602e-04  1.4414e+05  1.4420e+05
hydnpina	 F_Ba	 74579	     16	   56.2	    581	-1.6369	  8.9468e-01  2.6015e+01  2.7238e+01  5.3967e+00 -5.0704e+00  8.0423e+01  1.5223e+00  3.4081e-04  5.6199e+05  5.6205e+05
hyphburt	 F_As	 1251	     19	   81.5	   4132	-2.5440	  2.0066e-01  3.1859e+01  2.1859e+01  4.6228e+00 -5.8463e+00  8.4594e+01  1.3036e+00  2.6165e-03  1.4642e+04  1.4678e+04
hypohamp	 M_In	 997	     41	   60.2	   8087	-2.2547	  6.2342e-01 -4.4806e+01  9.8634e+01  2.3018e+01  1.7917e+00  1.8887e+02  1.1486e+00  1.5325e-03  1.0333e+04  1.0367e+04
hypospec	 F_As	 60230	     16	   73.3	   2558	-2.3347	  6.1999e-01  3.5369e+01  2.3199e+01  2.3316e+00 -2.8273e+01  1.5635e+02  1.5418e+00  1.2022e-04  6.4735e+05  6.4742e+05
hystpuli	 F_As	 26555	     37	   58.1	   1009	-1.9460	  7.0459e-01  1.9570e+01  3.2900e+01  6.2779e+00 -2.9892e+00  1.0102e+02  1.7663e+00  4.2855e-04  2.3775e+05  2.3781e+05
ilyospec	 F_As	 41061	     16	   58.7	    880	-1.9160	  7.3169e-01  2.5473e+01  2.8221e+01  4.4158e+00  3.2706e-01  7.2825e+01  1.5947e+00  2.8724e-04  3.6226e+05  3.6232e+05
jaapargi	 F_Ba	 86389	     16	   57.6	    435	-1.6388	  8.9291e-01  1.1124e+01  4.3231e+01  8.1409e+00 -1.9194e+01  9.8597e+01  1.9907e+00  2.5788e-04  6.5184e+05  6.5191e+05
jamispec	 F_Ba	 11020	     19	   78.6	    691	-1.9374	  8.2323e-01 -1.9816e+02  2.7155e+02  3.0000e+01 -6.8083e+01  1.6322e+02  2.3105e+00  7.8214e-04  9.8114e+04  9.8166e+04
karsrhod	 F_As	 30048	     16	   55.1	    605	-1.8713	  6.6870e-01  2.3736e+01  2.6531e+01  6.2980e+00 -1.7890e+01  9.7821e+01  2.2619e+00  4.2827e-04  2.5895e+05  2.5901e+05
kazaafri	 F_As	 167	     53	   87.5	    736	-2.3413	  6.6044e-01 -2.8457e+02  3.5612e+02  3.0000e+01 -6.3643e+02  8.9999e+02  9.9733e+00  6.7959e-03  1.8076e+03  1.8294e+03
laccbico	 F_Ba	 60024	     16	   55.6	   1188	-1.9182	  6.5332e-01 -7.0981e+01  1.2281e+02  3.0000e+01 -1.0735e+01  8.1284e+01  1.5726e+00  3.0121e-04  5.2948e+05  5.2954e+05
laetsulp	 F_Ba	 74113	     16	   57.0	    576	-1.6614	  8.6334e-01  2.4609e+00  5.1485e+01  1.0398e+01 -1.3826e+01  8.5847e+01  1.7063e+00  2.8578e-04  5.6680e+05  5.6686e+05
latichal	 M_Sa	 170402	     30	 2564.5	 189511	-4.1642	  3.8847e-02  6.6971e+01  4.3336e+01  1.2389e+00 -3.8781e+02  2.2924e+03  1.1901e+00  1.4424e-05  3.2677e+06  3.2677e+06
leiospec	 F_Ba	 81811	     17	   59.4	    469	-1.7107	  8.9015e-01  2.4311e+01  3.1476e+01  5.2202e+00 -3.7839e+01  1.2531e+02  2.1953e+00  3.3084e-04  6.4433e+05  6.4439e+05
leisinfa	 O_Eu	 2	    268	  849.0	      8	-2.9030	  4.8061e-01 -6.0552e+02  8.7112e+02  1.9730e+01 -1.7602e+02  8.6782e+02  6.3121e+00  4.9761e-01  1.2186e+02  1.1271e+02
leistura	 O_Eu	 7	     42	  556.5	    130	-3.0709	  3.1853e-01  2.8149e+01  1.4827e+01  6.9405e+00 -2.4665e+02  1.1851e+03  1.8851e+00  1.3460e-01  1.1201e+02  1.1163e+02
lentfluv	 F_As	 31391	     16	   55.3	    825	-1.9086	  6.6612e-01  3.3014e+01  1.7392e+01  3.9170e+00 -6.9229e+00  8.3704e+01  1.8266e+00  3.7729e-04  2.7593e+05  2.7599e+05
lenttigr	 F_Ba	 82263	     17	   58.6	    730	-1.7102	  8.8258e-01  2.1836e+01  3.3255e+01  5.9261e+00 -1.7861e+01  1.0773e+02  1.6177e+00  2.5118e-04  6.4765e+05  6.4772e+05
leptdisc	 M_Av	 114409	     30	  960.9	  41497	-3.6762	  9.1211e-02  6.2798e+01  4.1021e+01  1.1542e+00 -1.9140e+02  9.7166e+02  1.3850e+00  2.7490e-05  1.9364e+06  1.9365e+06
leucgong	 F_Ba	 24591	     33	   54.4	    981	-1.6321	  8.3174e-01 -7.6587e+01  1.2813e+02  2.9999e+01  2.3762e+01  4.6496e+01  1.1574e+00  4.5769e-04  1.8460e+05  1.8466e+05
leucmoll	 F_Ba	 89623	     16	   56.3	    358	-1.6109	  8.8133e-01  4.6998e+00  4.8676e+01  1.0002e+01 -3.3273e+01  1.0546e+02  2.3986e+00  3.4753e-04  6.6472e+05  6.6478e+05
lichhyal	 F_Fu	 51704	     16	   60.1	    335	-1.6307	  9.0371e-01 -1.7485e-01  5.7091e+01  1.0190e+01 -4.0881e+01  1.2348e+02  2.6334e+00  4.9935e-04  3.8793e+05  3.8799e+05
limupoly	 M_Ar	 147122	     30	 1959.5	  56298	-3.9799	  4.3702e-01 -1.6668e+02  7.6308e+02  1.4690e+00 -9.9520e+02  3.4949e+03  1.7486e+00  1.9031e-05  2.6962e+06  2.6963e+06
lindingo	 F_As	 39201	     16	   54.8	    704	-1.9763	  5.2825e-01  9.0008e+00  3.8167e+01  1.6042e+00  3.3091e+01  1.8644e+01  3.8082e+00  3.3874e-04  3.5657e+05  3.5663e+05
linganat	 M_Br	 453297	     16	  377.4	  14980	-3.1628	  7.8089e-01 -3.7900e+02  6.6089e+02  5.5780e+00 -4.6551e+02  1.6239e+03  1.6731e+00  2.0377e-05  6.6025e+06  6.6026e+06
linuusit	 P_Eu	 173162	     16	  110.9	   2831	-2.5434	  5.5136e-01 -2.5442e+01  1.1298e+02  9.0519e+00 -8.9172e+01  3.0686e+02  1.9934e+00  9.8280e-05  2.0274e+06  2.0275e+06
lipostar	 F_As	 17239	     16	   56.3	    473	-1.7175	  8.3629e-01  1.8927e+01  3.3963e+01  6.4757e+00 -2.8625e+01  1.0201e+02  2.1793e+00  6.1153e-04  1.3627e+05  1.3632e+05
loa_loa_	 M_Ne	 164141	     16	  236.8	   1946	-2.8252	  2.2529e-01  4.7589e+01  6.2970e+01  1.2312e+00 -3.0923e+02  5.2441e+02  4.2261e+00  7.6633e-05  2.1358e+06  2.1359e+06
lorajunc	 F_As	 35404	     16	   55.5	    576	-1.9200	  6.4194e-01  3.2926e+01  1.6842e+01  3.6932e+00 -2.1302e+01  9.9641e+01  2.3810e+00  2.7280e-04  3.1302e+05  3.1308e+05
lottgiga	 M_Mo	 229628	     17	  369.0	  13174	-3.1430	  5.2113e-01 -2.4660e+03  2.7388e+03  2.5713e+01 -1.2783e+02  5.3617e+02  1.4190e+00  4.1689e-05  3.3246e+06  3.3247e+06
loxoafri	 M_Mm	 177020	     30	 1510.9	 290161	-3.9993	  1.8925e-01  6.4872e+01  6.3460e+01  7.5512e-01 -1.7900e+02  1.5061e+03  9.7937e-01  1.8796e-05  3.2566e+06  3.2567e+06
macafasc	 M_Mm	 233372	     17	 1813.7	 378687	-4.0822	  2.1840e-01  6.4665e+01  8.3763e+01  6.8906e-01 -2.0346e+02  1.8523e+03  9.7557e-01  1.6354e-05  4.3793e+06  4.3794e+06
macaneme	 M_Mm	 250823	     29	 1902.0	 487587	-4.1221	  2.1190e-01  6.4502e+01  8.5886e+01  6.8531e-01 -1.8868e+02  1.8966e+03  9.3292e-01  1.4611e-05  4.7520e+06  4.7520e+06
macrfuli	 F_Ba	 74269	     16	   55.2	    483	-1.6102	  8.6589e-01  4.9673e+00  4.7537e+01  1.0650e+01 -1.2822e+01  8.0501e+01  1.7987e+00  2.2338e-04  5.5064e+05  5.5071e+05
magngris	 F_As	 19490	     18	   88.4	    711	-2.2536	  6.8865e-01 -1.8030e+02  2.5507e+02  1.6519e+01 -2.0617e+02  3.3812e+02  4.1326e+00  2.6248e-04  2.0237e+05  2.0243e+05
mandsext	 M_In	 8712	     18	  476.0	  24859	-3.3691	  9.5438e-02  4.5159e+01  3.2615e+01  3.5660e+00 -5.1651e+01  4.5533e+02  1.2982e+00  2.0478e-04  1.3526e+05  1.3531e+05
marafiar	 F_Ba	 98565	     16	   57.9	    361	-1.6430	  8.8625e-01 -5.3608e+00  6.0178e+01  1.0936e+01 -2.5313e+01  9.4254e+01  2.1975e+00  2.2342e-04  7.4568e+05  7.4574e+05
marcpoly	 P_Ma	 79794	     16	  234.4	   3680	-2.8349	  7.9994e-01  3.8431e+01  1.4387e+02  1.5727e+00 -4.0319e+02  6.3090e+02  4.4469e+00  9.0793e-05  1.0416e+06  1.0416e+06
mayedest	 M_In	 2949	     17	   89.2	  12719	-2.4647	  6.8898e-01 -1.0693e+01  8.6421e+01  6.8152e+00 -3.0580e+01  2.5374e+02  1.0524e+00  7.2641e-04  3.3487e+04  3.3529e+04
megarotu	 M_In	 72456	     30	  119.0	 129542	-2.9646	  4.5615e-01 -1.0272e+02  1.7468e+02  1.5644e+01  2.1668e+01  2.8022e+02  7.6346e-01  1.1187e-04  9.8824e+05  9.8831e+05
meirmilt	 F_Eu	 5165	     19	   71.4	   2372	-2.1978	  5.5488e-01 -1.0190e+02  1.6748e+02  2.7420e+01 -1.0619e+01  9.2449e+01  1.3798e+00  1.0806e-03  5.2244e+04  5.2290e+04
melalari	 F_Ba	 64830	     17	   80.0	   1182	-2.1243	  7.1448e-01 -1.4376e+02  2.1663e+02  1.8218e+01 -1.2648e+01  9.6360e+01  1.6031e+00  1.4512e-04  6.3429e+05  6.3436e+05
melaspec	 F_As	 32974	     16	   72.7	   1383	-2.1802	  7.3489e-01  3.7574e+01  2.5363e+01  1.9796e+00 -3.1830e+00  9.2814e+01  1.4867e+00  1.9506e-04  3.3107e+05  3.3113e+05
melibico	 F_As	 42829	     16	   56.0	    724	-1.9287	  6.6128e-01  3.3077e+01  1.7502e+01  3.5825e+00 -1.1374e+01  8.8438e+01  1.9876e+00  2.2504e-04  3.8043e+05  3.8049e+05
meloundu	 M_Av	 134988	     29	  937.0	  76666	-3.7229	  1.0050e-01  5.5416e+01  3.7868e+01  1.5516e+00 -1.1460e+02  8.8006e+02  1.1614e+00  2.3304e-05  2.3143e+06  2.3144e+06
meronubi	 M_Av	 106597	     28	  927.1	  34572	-3.6465	  8.8283e-02  6.3886e+01  3.8445e+01  1.1640e+00 -2.0722e+02  9.6366e+02  1.4528e+00  3.0162e-05  1.7899e+06  1.7899e+06
mesiunic	 M_Av	 112944	     30	  881.4	  33408	-3.6245	  1.0314e-01  6.1169e+01  4.0504e+01  1.2381e+00 -2.0192e+02  9.3323e+02  1.4486e+00  2.9456e-05  1.8848e+06  1.8849e+06
metaacri	 F_As	 16443	     29	   69.9	   1167	-2.1961	  5.4805e-01 -2.2763e+00  6.1037e+01  7.3292e+00 -1.4569e+01  1.0562e+02  1.8628e+00  4.0290e-04  1.6623e+05  1.6629e+05
metaocci	 M_Ar	 54205	     30	  136.2	  20760	-2.7587	  6.9515e-01  1.6504e+01  8.9661e+01  3.4169e+00 -5.1069e+01  4.5396e+02  1.0724e+00  1.0985e-04  6.8845e+05  6.8852e+05
metarobe	 F_As	 17544	     29	   68.5	   1014	-2.1468	  5.8892e-01 -8.6834e+00  6.7425e+01  8.1902e+00 -1.7263e+01  1.0821e+02  1.9529e+00  3.7335e-04  1.7341e+05  1.7347e+05
metsbicu	 F_As	 1471	     16	   98.6	   5486	-2.6638	  9.5229e-01 -2.7377e+00  7.9391e+01  1.2386e+00  2.5743e+01  3.0947e+01  1.1026e+01  2.2347e-03  1.8029e+04  1.8066e+04
micrcani	 F_As	 19630	     16	   65.0	    453	-1.9579	  7.0096e-01  1.9863e-01  5.9331e+01  7.5689e+00 -5.1417e+01  1.2110e+02  2.8600e+00  3.4784e-04  1.7701e+05  1.7706e+05
microssp	 F_As	 12311	     19	   86.9	    755	-2.0350	  7.8508e-01 -2.3268e+02  3.1345e+02  2.9858e+01 -7.9745e+01  1.8378e+02  2.4778e+00  4.1703e-04  1.1540e+05  1.1545e+05
micrtrig	 F_As	 27425	     16	   66.7	    903	-2.0420	  7.4782e-01  3.1459e+01  2.8212e+01  2.9009e+00 -7.0793e+00  8.6780e+01  1.6671e+00  2.7278e-04  2.5787e+05  2.5793e+05
mimugutt	 P_Eu	 116795	     16	  129.4	   2362	-2.6809	  5.5436e-01  2.1716e+01  7.0938e+01  4.1729e+00 -4.4861e+02  7.5675e+02  3.4175e+00  8.9466e-05  1.4443e+06  1.4444e+06
mixiosmu	 F_Ba	 25218	     16	   52.7	    416	-1.5051	  8.9262e-01 -6.5508e+01  1.1574e+02  3.0000e+01 -1.3693e+01  8.6240e+01  1.8950e+00  1.1850e-03  1.7426e+05  1.7432e+05
mnemleid	 M_Ct	 74248	     22	  276.7	  16155	-3.1604	  6.7651e-01  2.4899e+01  1.5054e+02  2.0976e+00 -4.0470e+02  1.2961e+03  1.6366e+00  4.8997e-05  1.0810e+06  1.0811e+06
monahapt	 F_As	 25251	     23	   69.5	   1694	-1.9598	  9.0591e-01  2.5528e+01  3.8115e+01  3.6607e+00 -3.1503e+00  1.4945e+02  1.1969e+00  2.6515e-04  2.2783e+05  2.2788e+05
monapurp	 F_As	 23145	     17	   66.8	    766	-1.9715	  8.5783e-01  2.5262e+01  3.5870e+01  3.3363e+00 -9.8386e+00  7.9375e+01  1.4635e+00  3.3575e-04  2.1006e+05  2.1012e+05
monarube	 F_As	 25300	     16	   66.8	    658	-1.9663	  8.4718e-01  2.3192e+01  3.7826e+01  3.5633e+00 -1.6285e+01  8.8966e+01  1.6840e+00  3.1368e-04  2.2906e+05  2.2912e+05
monipern	 F_Ba	 31829	     16	   55.4	    263	-1.6613	  7.7612e-01 -7.2519e+01  1.2485e+02  3.0000e+01 -1.0172e+02  1.6765e+02  4.8751e+00  7.7389e-04  2.4311e+05  2.4317e+05
monodome	 M_Mm	 226233	     27	 2059.3	 490930	-4.1557	  1.8256e-01  6.5736e+01  9.8306e+01  6.9172e-01 -2.0316e+02  1.9420e+03  9.3987e-01  1.4137e-05  4.3211e+06  4.3212e+06
mononegl	 P_Ch	 66847	     23	  254.1	   1653	-2.6865	  3.4044e-01 -1.8246e+02  4.0669e+02  2.7961e+00 -1.5621e+03  1.7874e+03  3.0000e+01  9.5280e-05  8.2678e+05  8.2684e+05
monophar	 M_In	 73081	     30	  266.9	 111938	-3.2454	  2.6095e-01 -1.3388e+01  9.2513e+01  7.2049e+00  1.9618e+01  2.8719e+02  8.3692e-01  5.9078e-05  1.0914e+06  1.0914e+06
morcconi	 F_As	 38469	     17	   67.2	    762	-2.0279	  7.6530e-01  2.9905e+01  2.9846e+01  3.1184e+00 -2.1134e+01  1.1340e+02  1.9900e+00  1.6645e-04  3.5926e+05  3.5932e+05
morunota	 P_Eu	 96193	     23	  224.2	   5405	-2.9504	  3.8786e-01  3.7674e+01  6.0653e+01  2.8317e+00 -1.5984e+02  4.8320e+02  1.9656e+00  5.6470e-05  1.3071e+06  1.3072e+06
mucocirc	 F_Fu	 32689	     16	   61.2	    846	-1.7088	  8.7068e-01 -1.1155e+02  1.6939e+02  3.0000e+01 -1.1041e+01  9.4329e+01  1.4654e+00  3.5422e-04  2.5683e+05  2.5689e+05
mycether	 F_As	 16206	     17	   78.2	   1009	-2.2029	  7.5449e-01  4.2009e+01  2.4010e+01  1.3584e+00 -1.3608e+02  2.2037e+02  5.4135e+00  3.9553e-04  1.6446e+05  1.6451e+05
mycogram	 F_As	 17367	     18	   62.3	   1496	-2.1301	  6.0561e-01  3.0914e+01  2.3322e+01  4.6444e+00 -2.1720e+01  1.3468e+02  1.8009e+00  3.4086e-04  1.7033e+05  1.7038e+05
myriduri	 F_As	 15993	     17	   54.5	    621	-1.6640	  7.8951e-01 -6.0648e+01  1.1225e+02  3.0000e+01 -5.5725e+00  8.0697e+01  1.8195e+00  5.7288e-04  1.2246e+05  1.2251e+05
myroinun	 F_As	 29582	     16	   61.0	    845	-1.9618	  7.1557e-01  2.8192e+01  2.7190e+01  3.8460e+00 -2.7261e+00  7.7848e+01  1.6886e+00  3.0378e-04  2.6721e+05  2.6727e+05
nadsfulv	 F_As	 3812	     16	   92.8	   1861	-2.4436	  5.0727e-01  7.1356e+00  6.5747e+01  3.8692e+00 -3.6485e+01  1.4316e+02  1.7744e+00  8.0961e-04  4.2907e+04  4.2951e+04
naegfowl	 O_He	 8538	     22	   96.6	    668	-2.3147	  4.7668e-01  4.4211e+01  1.4924e+01  1.2483e+00 -2.8153e+02  3.9960e+02  8.0154e+00  7.5605e-04  9.0910e+04  9.0959e+04
naiaflui	 F_Ba	 55433	     16	   78.9	    708	-2.0257	  1.4354e-01 -1.2778e+01  8.3905e+01  1.5536e+00  1.1670e+01  6.0962e+01  4.6782e+00  1.7142e-04  5.1698e+05  5.1704e+05
nasogira	 M_In	 4889	     16	   87.2	  10147	-2.4927	  5.7534e-01 -1.6664e+02  2.4239e+02  3.0000e+01 -2.8958e+01  2.2656e+02  1.1659e+00  6.4279e-04  5.6120e+04  5.6165e+04
nasovitr	 M_In	 134160	     16	   90.9	  51632	-2.6959	  5.2442e-01 -1.9421e+02  2.6906e+02  3.0000e+01  1.0737e+01  2.1551e+02  8.3046e-01  1.3715e-04  1.6635e+06  1.6636e+06
necthaem	 F_As	 32806	     16	   55.4	    727	-1.9143	  6.0627e-01 -1.4118e+00  5.2339e+01  1.1787e+01 -2.8456e+00  6.8410e+01  1.8419e+00  3.5217e-04  2.8918e+05  2.8924e+05
nemavect	 M_Cn	 214828	     16	  439.8	   9622	-3.2600	  9.9687e-02  4.4456e+01  3.9177e+01  2.0839e+00 -1.5024e+02  5.2447e+02  1.7747e+00  5.1161e-05  3.2260e+06  3.2260e+06
neollepi	 F_Ba	 79013	     16	   56.4	    380	-1.6145	  8.8523e-01  9.4952e+00  4.3970e+01  8.8862e+00 -2.4487e+01  9.7013e+01  2.1808e+00  3.4344e-04  5.8718e+05  5.8725e+05
neoscani	 O_Al	 36096	     16	  432.7	   1432	-2.9566	  9.9997e-01 -4.6696e+03  5.0239e+03  2.7249e+01 -6.4119e+04  5.2563e+03  4.5743e+03  2.1841e-04  4.9134e+05  4.9140e+05
neosfisc	 F_As	 20462	     16	   59.4	    406	-1.8473	  8.3671e-01  2.4271e+00  5.1977e+01  6.8224e+00 -1.0086e+02  1.9108e+02  3.5612e+00  6.1214e-04  1.7408e+05  1.7414e+05
nestnota	 M_Av	 116001	     30	  917.0	  37855	-3.6514	  9.5640e-02  6.2589e+01  3.8849e+01  1.1550e+00 -1.8744e+02  9.4157e+02  1.4063e+00  2.8087e-05  1.9504e+06  1.9505e+06
neurcras	 F_As	 17778	     21	   76.3	    823	-2.1987	  7.8998e-01  3.4441e+01  3.0217e+01  2.2947e+00 -1.6741e+02  3.2993e+02  3.4760e+00  3.1721e-04  1.8000e+05  1.8006e+05
neurdisc	 F_As	 18024	     16	   77.4	   1131	-2.2863	  4.9059e-01  2.4303e+01  3.8723e+01  3.9067e+00 -3.0650e+01  1.2264e+02  2.0546e+00  3.2861e-04  1.8975e+05  1.8981e+05
neurtetr	 F_As	 18362	     16	   78.7	   1565	-2.3248	  5.0456e-01  2.9821e+01  3.2798e+01  3.2310e+00 -1.9789e+01  1.1935e+02  1.7756e+00  2.6647e-04  1.9658e+05  1.9664e+05
niesexil	 F_As	 26446	     16	   57.6	    960	-1.8780	  8.1362e-01  2.6794e+01  2.6362e+01  4.1046e+00 -2.6183e+01  1.1655e+02  1.6879e+00  3.7918e-04  2.2862e+05  2.2868e+05
nippnipp	 M_Av	 140453	     29	  982.8	  76492	-3.7404	  9.2865e-02  5.4522e+01  4.1606e+01  1.6129e+00 -1.3587e+02  9.2290e+02  1.1763e+00  2.2495e-05  2.4190e+06  2.4191e+06
nomaleuc	 M_Mm	 185780	     29	 1771.2	 319954	-4.0623	  2.0178e-01  6.4288e+01  7.8313e+01  7.1234e-01 -2.4330e+02  1.8152e+03  1.0022e+00  1.8317e-05  3.4718e+06  3.4719e+06
obbarivu	 F_Ba	 77002	     16	   56.0	    406	-1.5914	  8.8209e-01 -4.2472e+00  5.7416e+01  1.2551e+01 -2.6114e+01  9.9517e+01  2.1363e+00  4.0769e-04  5.6413e+05  5.6419e+05
octobima	 M_Mo	 234484	     16	 1707.3	 114340	-3.9904	  2.3280e-02 -8.0929e+02  9.1530e+02  3.0000e+01 -3.2845e+02  1.6023e+03  1.2345e+00  2.0148e-05  4.3141e+06  4.3142e+06
ompholea	 F_Ba	 50222	     17	   56.2	    883	-1.6478	  8.6219e-01 -8.6685e+01  1.3998e+02  3.0000e+01  5.8438e+00  7.7690e+01  1.3606e+00  2.8222e-04  3.8082e+05  3.8088e+05
onchflex	 M_Ne	 57373	     16	  220.4	   1377	-2.7825	  1.4074e-01  3.4010e+01  6.0132e+01  2.3023e+00 -3.0901e+02  5.0719e+02  4.3008e+00  1.0826e-04  7.3540e+05  7.3547e+05
onchoche	 M_Ne	 80495	     30	  246.5	   1773	-2.8274	  2.8814e-01  1.1023e+01  9.5620e+01  2.4079e+00 -1.4521e+02  3.9873e+02  3.1881e+00  9.0756e-05  1.0481e+06  1.0482e+06
onchvolv	 M_Ne	 89476	     16	  256.4	   5567	-2.9064	  3.8689e-01  4.0871e+01  1.0300e+02  1.0908e+00 -4.4272e+02  6.7813e+02  5.0905e+00  6.9344e-05  1.1974e+06  1.1975e+06
oncofasc	 M_In	 1558	     37	 1886.0	  55002	-3.8886	  1.8780e-01  6.3744e+01  4.1120e+01  6.6924e-01 -7.9962e+02  2.4724e+03  1.7483e+00  6.4154e-04  2.7931e+04  2.7969e+04
onthtaur	 M_In	 3632	     22	   79.6	 810113	-2.9189	  4.9380e-01  3.2085e+01  2.1763e+01  4.6018e+00  2.3575e+01  3.5703e+02  5.9693e-01  3.8133e-04  4.8656e+04  4.8699e+04
ophidiss	 F_As	 29006	     16	   54.1	    843	-1.8349	  7.1735e-01  3.1506e+01  1.8568e+01  4.5138e+00 -6.6256e+00  8.5789e+01  1.7560e+00  3.2856e-04  2.4509e+05  2.4515e+05
ophipice	 F_As	 11025	     30	   70.1	   1169	-2.1805	  7.3882e-01  1.8474e+01  4.1886e+01  4.0499e+00 -1.0131e+02  2.4681e+02  2.4090e+00  4.3400e-04  1.1072e+05  1.1077e+05
ophipili	 F_As	 10480	     47	   68.7	    951	-2.1300	  8.9706e-01  3.8515e+01  2.2285e+01  1.7326e+00 -4.2207e+02  6.8915e+02  4.8581e+00  7.2746e-04  1.0278e+05  1.0283e+05
opishoaz	 M_Av	 122216	     30	 1092.6	  82746	-3.7906	  5.7568e-02  5.3711e+01  4.3474e+01  1.8649e+00 -1.4617e+02  9.8329e+02  1.1809e+00  2.3333e-05  2.1335e+06  2.1336e+06
oropthom	 P_Mo	 99063	     23	  172.0	   5558	-2.8919	  4.2760e-01  2.3774e+01  6.6343e+01  3.8245e+00 -2.0511e+02  5.1797e+02  1.9657e+00  6.3313e-05  1.3213e+06  1.3213e+06
orpispec	 F_Ne	 34970	     21	  135.4	    777	-2.4186	  1.0956e-02 -3.7642e+02  4.1389e+02  3.0000e+01 -3.3018e+00  1.2130e+02  2.8391e+00  2.2200e-04  3.8943e+05  3.8949e+05
oryzbrac	 P_Mo	 114899	     30	  165.2	   5759	-2.8710	  5.1357e-01  3.6685e+01  5.3945e+01  2.9231e+00 -1.8830e+02  5.9655e+02  1.9886e+00  6.4331e-05  1.5188e+06  1.5188e+06
ostrluci	 P_Ch	 1930	     24	  112.3	   1131	-2.4971	  1.5210e-01 -2.2978e+01  7.2265e+01  2.1247e+01 -5.9257e+01  1.6006e+02  2.5569e+00  1.8433e-03  2.2206e+04  2.2245e+04
ovisarie	 M_Mm	 191071	     19	 1516.5	 305621	-4.0084	  1.5748e-01  6.5194e+01  5.5517e+01  8.0621e-01 -1.8158e+02  1.4490e+03  9.6316e-01  1.7269e-05  3.5248e+06  3.5249e+06
pachtann	 F_As	 1802	     19	   96.6	   2721	-2.4253	  5.2841e-01 -1.0963e+00  7.1324e+01  1.2784e+00 -4.7641e+02  5.6540e+02  3.0000e+01  1.7451e-03  2.0116e+04  2.0154e+04
pan_trog	 M_Mm	 205886	     19	 1821.3	 350688	-4.0794	  2.0499e-01  6.5181e+01  8.2390e+01  6.9517e-01 -2.1151e+02  1.8317e+03  9.8896e-01  1.6587e-05  3.8616e+06  3.8617e+06
panurudi	 F_Ba	 83142	     16	   58.4	    382	-1.6805	  8.7133e-01  1.5188e+01  3.9847e+01  7.2011e+00 -4.0071e+01  1.1709e+02  2.5160e+00  3.0024e-04  6.4318e+05  6.4324e+05
papimach	 M_In	 82187	     29	  324.3	  30218	-3.2284	  1.0465e-01  3.6211e+01  4.1611e+01  5.0687e+00  3.5606e+00  2.6775e+02  1.0971e+00  5.3877e-05  1.2240e+06  1.2241e+06
papipoly	 M_In	 78814	     31	  400.7	 262013	-3.2989	  4.4618e-01  6.1996e+01  6.6165e+01  5.4151e-01 -1.7048e+02  5.5660e+02  2.2707e+00  7.5017e-05  1.1963e+06  1.1964e+06
papixuth	 M_In	 94387	     18	  311.8	  28504	-3.2048	  1.0799e-01  1.5086e+01  6.2194e+01  7.9147e+00  9.3360e+00  2.5466e+02  1.0983e+00  6.1449e-05  1.3976e+06  1.3977e+06
parabras	 F_As	 19452	     16	   87.7	   1447	-2.3800	  5.6851e-01  1.5101e+01  5.4404e+01  3.3451e+00 -4.6402e+01  1.5200e+02  1.9492e+00  2.7792e-04  2.1318e+05  2.1324e+05
paraequo	 M_Ne	 27140	     16	  527.4	   4258	-3.2473	  1.5139e-01 -5.6416e+00  7.2821e+01  1.3024e+00 -6.2925e+02  1.1132e+03  3.5790e+00  1.2524e-04  4.0593e+05  4.0599e+05
paratepi	 M_Ar	 120713	     17	 1955.4	  62087	-3.9385	  9.4068e-02  6.3015e+01  2.6624e+01  1.2649e+00 -4.8914e+02  2.1315e+03  1.5380e+00  2.8352e-05  2.1917e+06  2.1917e+06
paxirubi	 F_Ba	 135697	     16	   58.4	    777	-1.8835	  7.7500e-01  2.5352e+01  2.8324e+01  4.5840e+00 -1.8630e+01  1.0287e+02  1.8552e+00  1.6297e-04  1.1767e+06  1.1768e+06
pelecris	 M_Av	 111738	     30	  962.0	  33663	-3.6564	  8.7923e-02  6.5016e+01  4.0889e+01  1.0732e+00 -2.3000e+02  1.0113e+03  1.4854e+00  2.8507e-05  1.8811e+06  1.8811e+06
pelosine	 M_Rp	 169187	     30	 1952.1	 231550	-4.0816	  7.0899e-02  6.9871e+01  4.8850e+01  7.6583e-01 -2.4288e+02  1.6783e+03  1.0641e+00  1.5769e-05  3.1782e+06  3.1783e+06
penibila	 F_As	 31314	     16	   63.9	    741	-1.9467	  1.5493e-01 -9.1451e+00  7.5574e+01  1.4990e+00  3.3510e+01  2.5314e+01  2.6883e+00  3.1715e-04  2.8059e+05  2.8065e+05
penibrev	 F_As	 27899	     16	   57.4	    509	-1.7704	  8.4482e-01  2.8603e+01  2.4699e+01  3.9930e+00 -1.0758e+01  8.9037e+01  1.9389e+00  4.7459e-04  2.2744e+05  2.2750e+05
penicane	 F_As	 27579	     17	   57.9	    570	-1.8048	  8.3253e-01  3.2101e+01  2.1473e+01  3.3494e+00 -6.1234e+00  8.3029e+01  1.8064e+00  4.0973e-04  2.2922e+05  2.2928e+05
penidigi	 F_As	 15044	     16	   60.1	    580	-1.8453	  8.2496e-01  2.5311e+01  3.0074e+01  4.5079e+00 -3.1932e+01  1.2908e+02  2.2753e+00  6.2017e-04  1.2784e+05  1.2790e+05
peniexpa	 F_As	 26084	     17	   60.0	    537	-1.8250	  8.2511e-01  2.7873e+01  2.7552e+01  4.0203e+00 -1.0453e+01  8.9298e+01  1.9541e+00  3.8349e-04  2.1920e+05  2.1926e+05
penifell	 F_As	 25307	     19	   59.9	    570	-1.8255	  8.6358e-01  3.2350e+01  2.3267e+01  3.2321e+00 -2.6112e+01  1.0192e+02  1.8648e+00  4.0149e-04  2.1269e+05  2.1275e+05
penioxal	 F_As	 19200	     29	   76.1	    954	-2.1224	  8.5301e-02  1.8433e+01  4.8090e+01  1.0827e+00  3.6224e+01  3.2294e+01  1.8894e+00  3.1567e-04  1.8766e+05  1.8772e+05
perkmari	 O_Al	 105897	     18	   50.9	   1913	-2.0592	  6.4617e-01 -7.5539e+01  1.2130e+02  3.0000e+01 -4.1146e+01  1.6249e+02  1.7099e+00  3.1097e-04  1.0024e+06  1.0025e+06
phaelept	 M_Av	 114111	     24	  958.7	  36242	-3.6629	  8.6742e-02  6.2977e+01  4.0480e+01  1.1797e+00 -2.1657e+02  9.9408e+02  1.4465e+00  2.7415e-05  1.9245e+06  1.9246e+06
phaetric	 O_St	 7473	     16	   90.7	   2035	-2.3816	  2.6399e-01 -4.5475e-01  5.3221e+01  1.3071e+00  5.5399e+01  2.9877e+01  1.3320e+00  5.7046e-04  8.1896e+04  8.1944e+04
phalcarb	 M_Av	 104269	     30	  997.2	  35559	-3.6759	  7.2176e-02  6.4532e+01  3.8480e+01  1.1757e+00 -2.3723e+02  1.0334e+03  1.4740e+00  2.9846e-05  1.7650e+06  1.7650e+06
phancarn	 F_Ba	 74327	     16	   55.5	    751	-1.5840	  8.8770e-01  6.9204e+00  4.5968e+01  1.0598e+01  1.7920e+00  6.8775e+01  1.2933e+00  3.0296e-04  5.4198e+05  5.4205e+05
phanchry	 F_Ba	 72031	     16	   54.9	    381	-1.5269	  9.0717e-01  1.9420e+01  3.3040e+01  7.8507e+00 -1.4903e+01  8.4561e+01  1.8751e+00  4.9479e-04  5.0628e+05  5.0634e+05
phlebrev	 F_Ba	 81273	     16	   56.3	    825	-1.6578	  8.7066e-01  1.4198e+01  3.9112e+01  8.2349e+00 -4.6590e+00  8.4713e+01  1.4171e+00  2.4073e-04  6.2030e+05  6.2036e+05
phlegiga	 F_Ba	 61464	     17	   54.5	    456	-1.5091	  8.9732e-01 -4.9242e+01  1.0143e+02  2.5782e+01 -1.0001e+01  8.3263e+01  1.7396e+00  4.0874e-04  4.2709e+05  4.2716e+05
phycblak	 F_Fu	 58522	     18	   89.2	   1520	-2.3652	  9.8616e-02  6.4728e+00  4.4517e+01  1.2979e+00  3.1231e+01  4.6940e+01  1.5671e+00  1.8584e-04  6.3745e+05  6.3751e+05
physpate	 P_Fu	 131673	     16	  214.2	   1734	-2.7301	  7.0401e-01  1.4697e+01  1.5580e+02  2.2041e+00 -2.8000e+02  4.8091e+02  3.7043e+00  1.1154e-04  1.6555e+06  1.6556e+06
phytcaps	 O_St	 6597	     28	   68.0	    555	-1.6739	  9.2190e-01 -1.3888e+02  2.0323e+02  3.0000e+01  1.5909e+01  7.8970e+01  1.4142e+00  1.0561e-03  5.0814e+04  5.0862e+04
phytpara	 O_St	 27193	     17	   70.4	   1220	-1.9499	  7.6640e-01 -1.5435e+02  2.1989e+02  3.0000e+01 -1.2170e+01  9.7444e+01  1.5106e+00  3.5947e-04  2.4377e+05  2.4383e+05
pichpast	 F_As	 535	     21	   63.0	    948	-2.1871	  6.0682e-01 -9.7582e+00  7.9117e+01  1.9230e+00  7.7564e+00  4.5977e+01  7.6170e+00  3.4835e-03  5.4007e+03  5.4307e+03
picopube	 M_Av	 127146	     18	 1060.4	  67467	-3.7566	  9.7136e-02  5.6357e+01  4.2275e+01  1.4819e+00 -1.6886e+02  1.0343e+03  1.2424e+00  2.4059e-05  2.1999e+06  2.2000e+06
piedhort	 F_As	 7744	     19	   50.1	    649	-1.7239	  7.3762e-01  6.3483e+00  4.0970e+01  1.0780e+01 -4.2813e+00  5.9557e+01  1.6498e+00  7.4981e-04  6.1451e+04  6.1500e+04
plasberg	 O_Al	 11464	     16	  133.6	    864	-2.4238	  5.7084e-02 -2.9521e+02  3.4290e+02  1.6160e+01  2.5814e+01  9.2836e+01  2.3799e+00  5.6912e-04  1.2797e+05  1.2802e+05
plasbras	 O_Rh	 34622	     25	   56.9	    206	-1.4373	  3.0975e-02  1.8633e+01  3.9948e+01  1.1230e+00 -8.7818e+01  1.4225e+02  3.0000e+01  9.9523e-04  2.2803e+05  2.2809e+05
plasfalc	 O_Al	 14959	     16	  143.8	   2690	-2.5235	  1.9386e-01 -2.5471e+01  1.4653e+02  1.2497e+00 -1.6642e+01  1.4165e+02  3.6256e+00  3.0017e-04  1.7380e+05  1.7385e+05
plasfrag	 O_Al	 9384	     17	  165.5	   3024	-2.5549	  7.3467e-01 -8.9813e+02  1.0389e+03  2.9999e+01 -7.6319e+01  2.8841e+02  1.6684e+00  4.4100e-04  1.1046e+05  1.1051e+05
plasinui	 O_Al	 8064	     21	  167.9	   1687	-2.4871	  2.0050e-01 -5.4108e+01  2.0271e+02  1.7106e+00 -4.5537e+02  6.0553e+02  1.5161e+01  4.3422e-04  9.2360e+04  9.2409e+04
plasknow	 O_Al	 8139	     21	  169.6	   1702	-2.4822	  8.9062e-01 -6.6951e+01  2.1635e+02  4.9623e+00 -2.9209e+01  2.2064e+02  1.4891e+00  4.3842e-04  9.3046e+04  9.3095e+04
plasviva	 O_Al	 15821	     16	  165.3	   2149	-2.5181	  1.9232e-01 -6.4521e+01  2.2521e+02  1.5915e+00 -9.0150e+01  2.3609e+02  5.9567e+00  3.5496e-04  1.8350e+05  1.8355e+05
pliccris	 F_Ba	 76565	     16	   57.6	    439	-1.5792	  9.1594e-01 -2.5810e+01  8.0512e+01  1.5874e+01 -1.3742e+01  9.5538e+01  1.7948e+00  3.7055e-04  5.5673e+05  5.5679e+05
plutxylo	 M_In	 175490	     16	  447.4	  61900	-3.4041	  7.7723e-01 -2.9241e+01  3.7547e+02  9.8776e-01 -2.5052e+03  2.8673e+03  3.0000e+01  6.3512e-05  2.7474e+06  2.7475e+06
pneujiro	 F_As	 10940	     17	   45.4	    550	-1.5410	  7.9340e-01 -5.0076e+01  9.3418e+01  3.0000e+01  1.2762e+01  3.6780e+01  1.3831e+00  8.1083e-04  7.7692e+04  7.7743e+04
polidomi	 M_In	 73610	     29	  122.5	 138445	-2.9671	  4.7741e-01 -8.2878e+01  1.6355e+02  1.2329e+01  2.2854e+01  2.9103e+02  7.5342e-01  6.9840e-05  1.0050e+06  1.0051e+06
polyarcu	 F_Ba	 85218	     16	   58.1	    708	-1.6858	  8.8626e-01  1.4737e+01  3.9964e+01  7.3668e+00 -1.7653e+01  1.0692e+02  1.6201e+00  3.1119e-04  6.6134e+05  6.6140e+05
polycitr	 F_As	 14030	     19	   63.4	    754	-2.0182	  6.7628e-01  3.0359e+01  2.7432e+01  3.7805e+00 -2.6358e+01  9.7164e+01  1.9978e+00  5.4902e-04  1.3036e+05  1.3041e+05
polypall	 O_Am	 32441	     19	   88.3	   3067	-2.4563	  5.2328e-01 -2.8580e+02  3.5939e+02  2.9988e+01 -4.5079e+01  1.6689e+02  1.5559e+00  1.9855e-04  3.6671e+05  3.6677e+05
postplac	 F_Ba	 64636	     16	   56.9	   1320	-1.8759	  7.1550e-01 -4.5645e+01  9.8892e+01  2.2359e+01 -1.0451e+01  8.7911e+01  1.4842e+00  2.5830e-04  5.5816e+05  5.5823e+05
priaserr	 M_In	 1636	     41	   57.8	   5422	-1.8992	  6.8846e-01 -3.2281e+01  8.6152e+01  2.5814e+01  3.3963e+01  6.4368e+01  9.3149e-01  1.1385e-03  1.4327e+04  1.4365e+04
prisexsp	 M_Ne	 247005	     16	  129.4	   2907	-2.6681	  2.0494e-01  3.6730e+01  8.9140e+00  1.8355e+00 -3.7367e+01  1.6410e+02  1.7550e+00  1.6702e-04  3.0334e+06  3.0335e+06
prispaci	 M_Ne	 397403	     16	  129.6	   4161	-2.6848	  1.5428e-01 -4.1997e+01  8.6466e+01  3.0000e+01 -1.3063e+01  1.3013e+02  1.4785e+00  1.2874e-04  4.9084e+06  4.9085e+06
protinou	 F_As	 5649	     35	   49.6	    810	-2.0208	  7.5915e-01  3.0072e+01  1.1943e+01  1.8603e+00 -2.0686e+01  1.4411e+02  2.2434e+00  1.2184e-03  5.2576e+04  5.2622e+04
protmucr	 M_Rp	 160821	     30	 1281.9	  53784	-3.7980	  1.1937e-01  6.8691e+01  5.4647e+01  8.1487e-01 -2.9729e+02  1.3604e+03  1.4281e+00  2.1080e-05  2.8133e+06  2.8134e+06
pseuanta	 F_Ba	 4742	     49	   94.2	   1019	-2.4299	  6.8645e-01 -2.8244e+02  3.5884e+02  2.1514e+01 -6.3680e+02  8.9960e+02  6.7689e+00  8.6858e-04  5.3040e+04  5.3085e+04
ptergutt	 M_Av	 109420	     30	  930.7	  34350	-3.6473	  8.0879e-02  6.2838e+01  3.9722e+01  1.2123e+00 -2.0705e+02  9.5837e+02  1.4548e+00  2.9975e-05  1.8376e+06  1.8377e+06
puccgram	 F_Ba	 72855	     16	   92.4	    974	-2.3655	  5.5667e-01 -7.8738e+01  1.7974e+02  2.6637e+00 -3.0169e+02  3.7848e+02  3.0000e+01  2.1262e-04  7.9369e+05  7.9376e+05
puccstri	 F_Ba	 48336	     16	   82.9	   1144	-2.2221	  3.8534e-01 -2.0975e+01  9.0013e+01  1.6943e+00  5.3829e+00  7.0673e+01  5.6914e+00  3.1854e-04  4.9439e+05  4.9445e+05
pycncocc	 F_Ba	 71729	     17	   58.7	    537	-1.6780	  8.9515e-01  2.0462e+01  3.4836e+01  6.2120e+00 -2.5755e+01  1.1485e+02  1.9005e+00  3.5412e-04  5.5410e+05  5.5416e+05
pycnsang	 F_Ba	 77196	     16	   58.5	    576	-1.6875	  8.8404e-01  1.8003e+01  3.7173e+01  6.7416e+00 -2.5218e+01  1.0935e+02  1.8321e+00  3.3759e-04  5.9971e+05  5.9978e+05
pygoadel	 M_Av	 132458	     30	 1082.8	  89198	-3.7924	  6.5838e-02  6.0148e+01  3.9189e+01  1.4843e+00 -1.2562e+02  9.6370e+02  1.1542e+00  2.1993e-05  2.3130e+06  2.3131e+06
pyrespec	 F_As	 31187	     16	   54.9	    556	-1.8144	  7.4271e-01  3.2348e+01  1.8269e+01  4.0084e+00 -2.1644e+01  1.0402e+02  2.2937e+00  3.3979e-04  2.6054e+05  2.6060e+05
pyrubret	 P_Eu	 166799	     28	  174.8	   5183	-2.8505	  4.4592e-01  3.5516e+01  6.1126e+01  3.0390e+00 -1.1369e+02  4.0117e+02  1.8227e+00  4.7318e-05  2.1895e+06  2.1896e+06
pythapha	 O_St	 15264	     16	   66.0	   3219	-2.1406	  4.2882e-01 -2.2443e+00  6.6058e+01  1.1437e+00 -9.7038e+01  1.5897e+02  3.0000e+01  7.3293e-04  1.4997e+05  1.5002e+05
pytharrh	 O_St	 21747	     16	   77.2	    994	-2.2883	  5.8405e-01 -6.3831e+01  1.4951e+02  2.4308e+00 -1.1985e+02  1.8837e+02  3.0000e+01  4.6796e-04  2.2916e+05  2.2922e+05
pythbivi	 M_Rp	 165393	     25	 1314.6	  58374	-3.8150	  1.0154e-01  6.9010e+01  5.3335e+01  8.1185e-01 -2.6789e+02  1.3314e+03  1.3897e+00  2.0298e-05  2.9046e+06  2.9047e+06
pythirre	 O_St	 24970	     16	   93.1	    850	-2.1656	  3.4138e-01 -3.6760e+01  1.1225e+02  2.0396e+00 -2.7087e+02  3.5842e+02  3.0000e+01  3.0722e-04  2.4884e+05  2.4890e+05
pythiway	 O_St	 25153	     16	   85.1	    917	-2.2130	  6.4554e-01 -2.3454e+02  3.1306e+02  3.0000e+01 -1.7323e+02  2.8048e+02  3.1325e+00  5.6676e-04  2.5635e+05  2.5640e+05
pythulti	 O_St	 22103	     16	   86.0	   1321	-2.1086	  2.7892e-01 -1.9650e+01  9.3834e+01  1.5087e+00 -2.3182e+02  3.1255e+02  3.0000e+01  2.9419e-04  2.1435e+05  2.1441e+05
pythvexa	 O_St	 22159	     16	   73.7	   1110	-2.0776	  3.7576e-01 -1.6463e+01  8.3528e+01  1.6579e+00 -9.8538e+01  1.6783e+02  2.3558e+01  5.7103e-04  2.1073e+05  2.1079e+05
ramarube	 F_Ba	 112962	     16	   55.7	    313	-1.6498	  1.6218e-01 -2.0073e+01  7.5674e+01  2.3391e+00 -3.2850e+00  5.6126e+01  1.1224e+01  2.0941e-04  8.5810e+05  8.5817e+05
retifilo	 O_Rh	 59970	     19	   78.7	    276	-2.2380	  1.9542e-01 -1.7449e+02  2.0107e+02  3.0000e+01 -4.6347e+02  5.4152e+02  1.6299e+01  1.2227e-03  6.1678e+05  6.1685e+05
rhabkr30	 M_Ne	 24126	     16	   48.3	  11439	-2.2988	  6.0155e-01 -6.1161e+01  1.0310e+02  2.7914e+01 -2.4062e+01  2.2340e+02  1.1102e+00  1.8057e-04  2.5452e+05  2.5457e+05
rhizoryz	 F_Fu	 39870	     27	   57.4	    489	-1.9218	  6.7308e-01 -1.1020e+02  1.6203e+02  2.9996e+01 -5.9740e+01  1.4593e+02  3.1484e+00  4.8072e-04  3.5248e+05  3.5254e+05
rhizsola	 F_Ba	 72521	     41	   54.9	    804	-1.5042	  8.9424e-01 -3.9694e+01  9.2030e+01  2.1837e+01  3.7870e+01  2.6211e+01  8.9696e-01  3.1536e-04  5.0194e+05  5.0200e+05
rhodgram	 F_Ba	 31116	     19	   77.3	   1410	-2.0049	  8.8187e-01  3.8259e+01  3.2882e+01  3.0155e+00 -1.1497e+01  1.3184e+02  1.3217e+00  3.1224e-04  2.8724e+05  2.8730e+05
rhodminu	 F_Ba	 37743	     18	   70.3	    424	-1.8913	  8.9787e-01  3.2287e+01  3.2565e+01  3.3267e+00 -8.7648e+01  1.9055e+02  3.0808e+00  2.5553e-04  3.2868e+05  3.2874e+05
rhodspec	 F_Ba	 35187	     16	   73.9	    654	-1.9605	  8.6060e-01  4.0402e+01  2.8375e+01  2.7799e+00 -1.8309e+01  9.9581e+01  1.7513e+00  3.9310e-04  3.1764e+05  3.1770e+05
rhodtoru	 F_Ba	 42374	     19	   62.3	    306	-1.7284	  8.0085e-01  4.1152e+01  1.7296e+01  3.4219e+00 -4.1209e+01  1.2502e+02  3.6098e+00  8.9279e-04  3.3704e+05  3.3710e+05
rhytrufu	 F_As	 26024	     37	   57.1	    978	-1.8941	  7.0122e-01  4.3867e+00  4.7723e+01  9.9517e+00  8.8679e+00  8.0726e+01  1.6426e+00  4.0625e-04  2.2682e+05  2.2688e+05
rickmell	 F_Ba	 86718	     17	   55.0	    410	-1.5085	  9.0407e-01 -3.0348e+01  8.2972e+01  2.0521e+01 -1.9098e+01  9.1666e+01  1.8976e+00  3.8273e-04  6.0238e+05  6.0245e+05
sacccere	 F_As	 221	     52	  116.3	    994	-2.5490	  5.6039e-01 -2.8000e+02  3.6125e+02  2.1999e+01 -6.3664e+02  8.9977e+02  7.5201e+00  5.0053e-03  2.6235e+03  2.6473e+03
sacckowa	 M_He	 137070	     20	  673.1	  36249	-3.5391	  1.6899e-01  6.8904e+01  7.4607e+01  9.9842e-01 -1.0957e+02  7.0761e+02  1.3158e+00  2.7813e-05  2.2336e+06  2.2337e+06
saccprot	 F_As	 18953	     17	   60.3	    952	-2.0491	  5.8240e-01  3.3273e+01  2.0019e+01  3.6337e+00 -7.0402e+00  8.4103e+01  1.8155e+00  3.7282e-04  1.7884e+05  1.7889e+05
saitcomp	 F_As	 9150	     19	   55.5	    598	-1.6209	  8.3477e-01 -2.7552e+01  8.0414e+01  2.0230e+01 -1.1847e+01  7.9523e+01  1.7092e+00  6.3364e-04  6.8266e+04  6.8316e+04
salmsala	 M_Fs	 404053	     16	  443.5	  88932	-3.5509	  6.9617e-01  5.1384e+01  1.3460e+02  9.5744e-01 -5.8978e+02  2.5700e+03  1.2467e+00  1.8173e-05  6.6095e+06  6.6096e+06
salprose	 O_Op	 173393	     21	  223.4	   1291	-2.5343	  7.8754e-02 -7.3529e+01  2.3916e+02  1.5647e+00 -1.5152e+03  1.7146e+03  3.0000e+01  1.3478e-04  2.0219e+06  2.0219e+06
saprpara	 O_St	 58891	     16	   49.0	    553	-1.5236	  1.0952e-01  1.2346e+01  3.4171e+01  1.1090e+00 -7.9108e+01  1.2576e+02  3.0000e+01  7.4986e-04  4.1174e+05  4.1181e+05
sarcneur	 O_Al	 35950	     16	 1150.0	   5671	-3.5205	  2.1399e-01 -1.4417e+02  3.7335e+02  1.7532e+00 -6.0545e+03  7.1650e+03  1.1126e+01  8.5561e-05  5.8433e+05  5.8439e+05
sarcscab	 M_Ar	 21448	     16	   70.2	   3370	-2.2505	  6.0946e-01  2.2561e+01  3.9895e+01  4.1916e+00 -2.7807e+00  7.8382e+01  1.1568e+00  2.8339e-04  2.2213e+05  2.2219e+05
schicomm	 F_Ba	 73976	     16	   53.8	    647	-1.6742	  8.0135e-01  1.6454e+01  3.4426e+01  9.2300e+00 -1.5525e+01  9.7613e+01  1.9154e+00  3.4528e-04  5.7015e+05  5.7022e+05
schicryo	 F_As	 5864	     21	   55.2	    434	-2.0190	  6.1784e-01 -6.0217e+01  1.0706e+02  1.4677e+01 -8.2866e+01  1.5831e+02  3.6571e+00  7.9103e-04  5.4558e+04  5.4604e+04
schijapo	 F_As	 5369	     20	   56.7	    412	-2.0130	  6.8714e-01 -1.1038e+01  5.8783e+01  7.0059e+00 -7.7625e+01  1.6633e+02  3.8224e+00  9.7972e-04  4.9787e+04  4.9833e+04
schimatt	 M_Pl	 27944	     16	 1063.0	   9081	-3.4528	  2.6877e-01  2.7740e+01  1.5380e+01  7.7179e-01 -2.8633e+03  4.0093e+03  5.0178e+00  1.3776e-04  4.4583e+05  4.4589e+05
schiocto	 F_As	 5504	     26	   54.3	    371	-1.9639	  7.7882e-01 -3.3709e+00  5.0389e+01  6.2607e+00 -2.6474e+02  3.7755e+02  7.2563e+00  1.0333e-03  4.9791e+04  4.9837e+04
schipara	 F_Ba	 108900	     16	   57.5	    372	-1.6399	  8.9040e-01  9.1272e+00  4.5219e+01  8.4071e+00 -3.1963e+01  1.0778e+02  2.3187e+00  1.8901e-04  8.2216e+05  8.2223e+05
schipomb	 F_As	 5241	     30	   56.3	    506	-2.0573	  7.7792e-01  2.1225e+01  2.5958e+01  2.7166e+00 -1.1644e+02  2.3622e+02  3.9647e+00  8.2912e-04  4.9645e+04  4.9690e+04
sclescle	 F_As	 25516	     24	   76.9	    888	-2.3511	  5.1444e-01  3.8655e+01  1.4687e+01  2.0227e+00 -2.4940e+02  3.8929e+02  4.2899e+00  4.3590e-04  2.7657e+05  2.7663e+05
septmusi	 F_As	 18074	     18	   71.9	   1041	-2.1664	  8.2124e-01  4.1815e+01  2.0317e+01  1.3346e+00 -6.7459e+01  1.5018e+02  2.9648e+00  3.1984e-04  1.8033e+05  1.8038e+05
septpopu	 F_As	 10950	     16	   69.6	   1721	-2.2040	  1.4878e-01  3.5503e+00  4.6165e+01  1.2658e+00  4.2362e+01  2.0423e+01  1.2471e+00  4.3658e-04  1.1108e+05  1.1113e+05
sericana	 M_Av	 140435	     23	  883.6	  69485	-3.6944	  9.3498e-02  5.3889e+01  3.8415e+01  1.7825e+00 -1.1222e+02  8.2905e+02  1.1732e+00  2.3527e-05  2.3895e+06  2.3896e+06
serplacr	 F_Ba	 52729	     16	   57.2	    622	-1.7054	  8.4306e-01  9.8703e+00  4.4205e+01  8.5251e+00 -8.5337e+00  7.6260e+01  1.6242e+00  2.9156e-04  4.1394e+05  4.1400e+05
setaital	 P_Mo	 132962	     16	  138.1	   4565	-2.7996	  4.7714e-01  1.7873e+01  7.1969e+01  4.5069e+00 -2.5024e+02  5.4766e+02  2.1367e+00  6.8449e-05  1.7202e+06  1.7202e+06
setoturc	 F_As	 19637	     16	   57.1	   1308	-1.9784	  7.5341e-01  3.8377e+01  1.3578e+01  2.0727e+00 -7.1401e+00  8.5183e+01  1.4253e+00  5.1263e-04  1.7892e+05  1.7897e+05
sistsuec	 F_Ba	 76115	     16	   53.7	    279	-1.4739	  9.2551e-01 -2.8351e-01  5.1695e+01  1.2431e+01 -2.1683e+01  8.9839e+01  2.2092e+00  3.2728e-04  5.1657e+05  5.1663e+05
spatpass	 F_As	 1879	     16	  143.1	  81890	-3.0324	  1.2102e-01  3.5486e-01  5.5187e+01  9.8993e+00  5.2113e+00  1.0834e+02  7.7952e-01  1.0114e-03  2.6123e+04  2.6162e+04
sphaarct	 O_Op	 46306	     21	  456.4	   2943	-3.1309	  6.8050e-01 -6.0586e+02  8.7094e+02  5.3140e+00 -1.7735e+02  8.6641e+02  3.3018e+00  1.0830e-04  6.6833e+05  6.6839e+05
sphastel	 F_Ba	 135151	     16	   55.6	   1297	-1.6495	  8.6461e-01 -8.1440e+01  1.3431e+02  2.8889e+01  7.5464e+00  5.9967e+01  1.0690e+00  1.9461e-04  1.0265e+06  1.0265e+06
spirsalm	 O_Fo	 5	     43	  203.0	      9	-2.9019	  7.3910e-01  4.2900e+01  2.7497e+00  2.4618e-01 -1.6205e+02  4.1022e+02  4.1145e+00  1.7248e-01  5.7816e+01  5.5082e+01
spodfrug	 M_In	 7702	     16	  366.1	  20433	-3.2401	  1.3435e-01  2.1530e+01  6.0212e+01  7.4766e+00 -3.9687e+01  3.6688e+02  1.2808e+00  2.6716e-04  1.1500e+05  1.1505e+05
sporlind	 F_Ba	 45249	     30	   39.2	    208	-1.2481	  8.9134e-01 -1.9445e+01  5.7110e+01  3.0000e+01 -9.0570e+01  1.7430e+02  5.6898e+00  1.1366e-03  2.5894e+05  2.5900e+05
sporreil	 F_Ba	 2899	     17	   87.3	   1024	-2.1183	  7.6825e-01 -2.3319e+02  3.1258e+02  2.8822e+01 -1.1244e+02  2.5980e+02  2.5928e+00  1.0423e-03  2.8281e+04  2.8323e+04
sporrose	 F_Ba	 33904	     16	   76.5	    701	-2.0713	  6.7469e-01 -4.4887e+00  7.4882e+01  8.5988e+00 -5.5968e+01  1.3870e+02  2.4553e+00  2.7363e-04  3.2379e+05  3.2385e+05
stagnodo	 F_As	 19825	     16	   55.8	    743	-2.1125	  5.6758e-01 -4.6255e+01  1.1376e+02  2.4400e+00  7.8606e+00  4.2063e+01  1.2549e+01  6.0402e-04  1.9280e+05  1.9285e+05
stagspec	 F_As	 27882	     17	   54.5	    593	-1.8029	  7.4255e-01  3.1457e+01  1.8937e+01  4.4410e+00 -2.2788e+01  1.0622e+02  2.2378e+00  3.9617e-04  2.3148e+05  2.3154e+05
stangris	 F_As	 21589	     16	   58.4	    944	-1.9235	  7.5419e-01  3.0950e+01  2.2233e+01  3.3867e+00 -2.9730e+00  7.9540e+01  1.5689e+00  3.3553e-04  1.9122e+05  1.9128e+05
steicarp	 M_Ne	 106006	     16	   47.8	   6952	-2.0167	  6.8933e-01 -4.1119e+01  8.5516e+01  3.0000e+01 -2.8198e+01  2.1711e+02  1.1875e+00  4.1591e-04  9.7764e+05  9.7771e+05
steiglas	 M_Ne	 108811	     16	   50.8	   5616	-2.2981	  5.3058e-01 -4.3841e+01  8.7606e+01  3.0000e+01 -2.3165e+01  1.8541e+02  1.3285e+00  3.9519e-04  1.1477e+06  1.1478e+06
sterhirs	 F_Ba	 82537	     17	   65.7	    983	-1.9403	  8.5032e-01  3.0822e+01  2.9451e+01  3.3304e+00 -1.6684e+01  1.1168e+02  1.5436e+00  1.7999e-04  7.3741e+05  7.3747e+05
strimari	 M_In	 76264	     16	   68.8	   9189	-2.3056	  6.8361e-01 -3.7225e+00  6.4641e+01  9.4045e+00 -3.6322e+01  2.6086e+02  1.1609e+00  1.1525e-04  8.0851e+05  8.0857e+05
stropapi	 M_Ne	 21918	     17	   48.9	   4501	-2.0613	  7.1773e-01 -1.2828e+02  1.7142e+02  3.0000e+01 -3.0086e+00  1.2240e+02  1.1162e+00  2.7465e-04  2.0778e+05  2.0783e+05
stropurp	 M_Ec	 282768	     16	  793.5	  39483	-3.5268	  4.9968e-01 -6.5145e+02  1.2126e+03  5.5766e+00 -2.6061e+02  1.1685e+03  1.3046e+00  2.0466e-05  4.5945e+06  4.5946e+06
strovene	 M_Ne	 23420	     16	   50.4	   9455	-2.2117	  6.5132e-01 -1.2957e+02  1.7265e+02  2.9909e+01  6.2608e+00  1.2160e+02  9.7348e-01  2.2343e-04  2.3816e+05  2.3821e+05
strovulg	 M_Ne	 69650	     16	   72.3	   3987	-2.4482	  5.2429e-01  3.3509e+01  2.1397e+01  3.0628e+00 -4.5469e+01  1.9302e+02  1.4971e+00  1.9321e-04  7.8449e+05  7.8455e+05
strucame	 M_Av	 155047	     31	 1155.2	 119069	-3.8422	  6.0462e-02  5.6017e+01  4.3070e+01  1.6932e+00 -1.0570e+02  9.8934e+02  1.0922e+00  1.8591e-05  2.7429e+06  2.7430e+06
suilbrev	 F_Ba	 90744	     16	   53.8	    542	-1.5741	  8.7629e-01  3.4310e+00  4.7962e+01  1.1402e+01 -3.5565e+00  6.5779e+01  1.5069e+00  3.3395e-04  6.5752e+05  6.5759e+05
suillute	 F_Ba	 153215	     16	   56.1	    714	-1.7682	  8.1397e-01  2.1631e+01  3.0679e+01  5.8710e+00 -8.8281e+00  9.0867e+01  1.7375e+00  1.6109e-04  1.2475e+06  1.2475e+06
talaacul	 F_As	 33775	     16	   59.4	    620	-1.8012	  8.4863e-01  2.4649e+01  3.0539e+01  4.4618e+00 -3.4175e+00  7.8000e+01  1.6325e+00  2.7983e-04  2.8019e+05  2.8024e+05
talamarn	 F_As	 21410	     16	   60.0	    476	-1.8112	  8.3162e-01  1.9467e+01  3.6362e+01  5.3269e+00 -3.2589e+01  1.0398e+02  2.2064e+00  4.2327e-04  1.7860e+05  1.7865e+05
taphdefo	 F_As	 2903	     26	   48.4	   1589	-1.6327	  2.6365e-01  2.4309e+01  2.2022e+01  9.2782e-01 -4.6114e+01  9.2483e+01  3.0000e+01  1.6197e-03  2.1818e+04  2.1860e+04
taureryt	 M_Av	 111645	     30	  983.1	  40828	-3.6831	  8.3720e-02  6.4314e+01  3.8928e+01  1.1426e+00 -2.0474e+02  9.9619e+02  1.4023e+00  2.7256e-05  1.8932e+06  1.8933e+06
teranubi	 F_As	 16272	     18	   60.4	    912	-1.9421	  7.5567e-01  2.9828e+01  2.4997e+01  4.1372e+00 -2.7984e+01  1.3306e+02  1.9841e+00  3.0006e-04  1.4553e+05  1.4558e+05
terfboud	 F_As	 35620	     16	   65.0	    642	-2.0337	  7.3126e-01  3.3834e+01  2.4234e+01  2.7167e+00 -4.4328e+01  1.2502e+02  2.3481e+00  2.3327e-04  3.3355e+05  3.3361e+05
tetrther	 O_Al	 88673	     17	   83.7	   2044	-2.4632	  3.1060e-01 -1.0423e+02  1.5926e+02  3.0000e+01 -3.2660e+01  1.3335e+02  1.7931e+00  3.0124e-04  1.0048e+06  1.0049e+06
tetrurti	 M_Ar	 91330	     16	  104.4	  28537	-2.7665	  4.3047e-01  7.6751e+00  6.2749e+01  5.0962e+00  9.3910e+00  1.5946e+02  9.1211e-01  8.0318e-05  1.1632e+06  1.1632e+06
thalocea	 O_St	 43776	     42	   91.5	   1656	-2.4025	  3.0068e-01 -2.0315e+02  2.7362e+02  3.0000e+01  1.4638e+00  9.7670e+01  1.7449e+00  5.2103e-04  4.8364e+05  4.8370e+05
thalpseu	 O_St	 18937	     16	   90.8	    996	-2.2803	  4.7632e-01 -3.6745e+01  1.1333e+02  2.0603e+00  4.2225e+01  4.2008e+01  3.6963e+00  6.2701e-04  1.9874e+05  1.9879e+05
thamsirt	 M_Rp	 92316	     30	 1432.2	  89053	-3.8867	  1.2054e-01  6.7788e+01  5.3697e+01  8.2987e-01 -2.5837e+02  1.4408e+03  1.2648e+00  2.8007e-05  1.6515e+06  1.6515e+06
theiorie	 O_Al	 12287	     16	   65.4	    656	-2.1978	  3.6339e-01  2.7712e+01  3.2865e+00  1.3789e+00 -6.7721e+01  1.4854e+02  3.0933e+00  1.0269e-03  1.2430e+05  1.2435e+05
thelkita	 M_Cn	 29945	     16	   23.2	 318553	-1.8101	  9.9369e-01  1.9900e+01  1.5643e+00  4.3271e-01 -4.5844e+01  6.6547e+01  2.0288e+01  8.2632e-03  2.4992e+05  2.4998e+05
theraura	 F_As	 20351	     17	   66.4	   1047	-2.0655	  7.6201e-01  3.7157e+01  2.2038e+01  2.1224e+00  8.1788e-01  7.6557e+01  1.4912e+00  3.1928e-04  1.9359e+05  1.9364e+05
thieanta	 F_As	 19056	     16	   66.1	    971	-2.0697	  6.8427e-01  2.9282e+01  2.9011e+01  3.4595e+00 -1.2932e+01  9.9242e+01  1.8043e+00  3.0689e-04  1.8163e+05  1.8169e+05
thieappe	 F_As	 27452	     16	   66.7	    969	-2.0926	  6.4416e-01  2.6905e+01  3.1682e+01  3.6980e+00 -9.8466e+00  9.0150e+01  1.7856e+00  2.0052e-04  2.6455e+05  2.6461e+05
thiearen	 F_As	 29077	     16	   68.8	    886	-2.0592	  7.7034e-01  2.6246e+01  3.4442e+01  3.3403e+00 -2.2339e+01  1.1968e+02  1.8848e+00  2.6995e-04  2.7576e+05  2.7582e+05
thiehyrc	 F_As	 24540	     17	   69.5	    999	-2.1188	  6.8870e-01  3.1015e+01  2.9582e+01  2.8583e+00 -1.1909e+01  9.5997e+01  1.7545e+00  2.6530e-04  2.3944e+05  2.3949e+05
thieterr	 F_As	 17866	     17	   73.0	    974	-2.1209	  7.4116e-01  2.8965e+01  3.5325e+01  2.9468e+00 -1.4197e+01  1.0306e+02  1.7457e+00  3.6599e-04  1.7451e+05  1.7456e+05
thozspec	 F_As	 47313	     16	   64.7	    869	-1.9970	  7.4492e-01  2.8549e+01  3.0045e+01  3.5069e+00 -4.9775e+00  8.2743e+01  1.6645e+00  2.5276e-04  4.3509e+05  4.3515e+05
tillanom	 F_Ba	 18237	     19	   78.4	    571	-1.9569	  8.6301e-01 -2.1682e+01  9.3991e+01  8.4965e+00 -7.2720e+01  1.7172e+02  2.4911e+00  3.3983e-04  1.6439e+05  1.6444e+05
tillwash	 F_Ba	 26359	     21	   58.5	    873	-1.8492	  7.6560e-01  2.8000e+01  2.6333e+01  5.7163e+00 -2.5559e+01  1.3568e+02  2.0290e+00  7.9121e-04  2.2426e+05  2.2432e+05
torudelb	 F_As	 167	     51	   72.2	    812	-2.0637	  7.5929e-01  1.8361e+01  4.3561e+01  5.4608e+00 -7.4924e+01  2.3086e+02  2.8701e+00  8.3692e-03  1.6089e+03  1.6307e+03
tothfusc	 F_As	 32501	     16	   58.0	    652	-1.8997	  7.1759e-01  2.3792e+01  2.9122e+01  5.5334e+00 -3.1864e+01  1.2006e+02  2.3130e+00  2.8831e-04  2.8426e+05  2.8432e+05
tribcast	 M_In	 124660	     18	   55.6	 339772	-2.6653	  5.5179e-01 -5.7860e+01  1.0553e+02  2.9453e+01  2.6560e+00  3.6079e+02  6.5572e-01  9.6189e-05  1.5195e+06  1.5195e+06
tricabie	 F_Ba	 82775	     16	   57.8	    479	-1.6722	  8.7598e-01  1.5027e+01  3.9553e+01  7.3761e+00 -2.2210e+01  9.8357e+01  1.9594e+00  2.2325e-04  6.3723e+05  6.3729e+05
tricaspe	 F_As	 23471	     17	   69.3	    871	-2.0652	  7.8523e-01  2.7836e+01  3.3977e+01  3.0970e+00 -2.8721e+01  1.1847e+02  1.8522e+00  2.8399e-04  2.2321e+05  2.2326e+05
tricchia	 F_Ba	 28444	     21	   61.9	    942	-2.1746	  4.7108e-01 -1.0667e+02  1.5719e+02  2.9996e+01 -2.1347e+01  1.1025e+02  2.1484e+00  3.1274e-04  2.8463e+05  2.8469e+05
triccitr	 F_As	 212	     47	   70.5	    492	-2.0818	  7.2798e-01  2.1132e+01  3.9434e+01  4.1753e+00 -6.8669e+01  1.9622e+02  3.8038e+00  7.2402e-03  2.0376e+03  2.0611e+03
tricharz	 F_As	 26905	     16	   66.7	    869	-2.0172	  7.9400e-01  2.6975e+01  3.3212e+01  3.4690e+00 -3.1563e+01  1.2201e+02  1.8550e+00  2.3735e-04  2.4990e+05  2.4996e+05
triclong	 F_As	 21497	     17	   71.5	   1426	-2.1542	  7.1605e-01  3.2690e+01  2.9725e+01  2.6960e+00 -8.1217e+00  1.0138e+02  1.5232e+00  2.9162e-04  2.1323e+05  2.1329e+05
tricnati	 M_Ne	 50698	     16	   75.2	   2264	-2.3578	  6.3073e-01 -4.2423e+00  6.4901e+01  6.1333e+00 -5.3950e+01  2.1429e+02  1.8039e+00  1.7957e-04  5.5014e+05  5.5020e+05
tricpeta	 F_As	 3549	     19	   47.6	   1770	-1.9590	  6.6616e-01  4.3877e+00  3.8480e+01  7.9041e+00 -7.6376e-01  6.7754e+01  1.2850e+00  9.1707e-04  3.2018e+04  3.2062e+04
tricpret	 M_In	 62295	     16	   88.1	  65078	-2.7134	  5.7644e-01 -2.0736e+02  2.7973e+02  3.0000e+01  5.4000e+00  3.2517e+02  8.3665e-01  1.4329e-04  7.7723e+05  7.7729e+05
tricrees	 F_As	 18049	     16	   75.4	    930	-2.1951	  6.2686e-01  3.0077e+01  3.3988e+01  2.8499e+00 -2.1127e+01  1.1031e+02  2.0038e+00  3.2958e-04  1.8246e+05  1.8251e+05
tricrubr	 F_As	 18104	     16	   67.0	    467	-1.9543	  7.6583e-01  1.2347e+01  4.8470e+01  5.6374e+00 -7.2497e+01  1.5923e+02  3.1425e+00  3.6755e-04  1.6293e+05  1.6299e+05
tricsuis	 M_Ne	 63901	     16	   59.8	  28050	-2.4910	  5.8028e-01 -9.4680e+01  1.4636e+02  3.0000e+01 -3.5299e+01  2.8939e+02  9.6698e-01  1.9738e-04  7.3098e+05  7.3104e+05
trictric	 M_Ne	 30745	     16	   57.6	  12332	-2.2523	  6.3792e-01 -9.9923e+01  1.5146e+02  3.0000e+01 -1.7089e+01  1.6245e+02  9.8719e-01  2.5193e-04  3.1791e+05  3.1797e+05
tricverr	 F_As	 12529	     19	   68.8	    300	-2.0647	  5.1973e-01 -3.3715e+02  4.1201e+02  1.0636e+01 -1.2041e+02  1.8072e+02  2.5284e+01  9.8384e-04  1.1913e+05  1.1918e+05
tringuia	 F_As	 26210	     17	   66.1	    598	-2.0532	  7.3298e-01  3.4666e+01  2.3487e+01  2.5659e+00 -6.8858e+01  1.6425e+02  2.8637e+00  3.6679e-04  2.4779e+05  2.4784e+05
trypbruc	 O_Eu	 11	     20	  608.0	    186	-4.1708	  7.0690e-01  1.9900e+01  6.0996e+01  2.3218e-01 -2.3405e+03  3.7061e+03  3.6391e+00  8.3724e-02  1.7103e+02  1.7381e+02
trypcong	 O_Eu	 6	     20	  141.5	  10340	-2.2877	  5.1603e-01  7.0684e+00  6.7518e+01  9.2072e-01 -6.9250e+01  1.2292e+02  3.0000e+01  1.9863e-01  8.7331e+01  8.5873e+01
trypcruz	 O_Eu	 45	     16	  113.5	 159727	-2.9573	  8.3566e-01  6.2187e+00  8.1901e+01  6.7529e-01 -9.6623e+00  8.0237e+01  2.7245e+01  2.0417e-02  6.2053e+02  6.3318e+02
trypevan	 O_Eu	 5	     30	  988.0	    126	-3.7032	  5.3197e-01  2.9900e+01  1.1298e+01  2.3086e-01 -2.7155e+03  3.8687e+03  4.0298e+00  1.7873e-01  8.7453e+01  8.4719e+01
trypviva	 O_Eu	 6	    363	  831.0	   4828	-3.5078	  2.0799e-01 -2.5896e+02  1.1700e+03  3.1872e-01 -6.4054e+02  1.2230e+03  5.1162e+00  1.6601e-01  1.2090e+02  1.1944e+02
tubemela	 F_As	 11366	     16	   63.0	    765	-1.9536	  1.3923e-01  3.6950e+00  5.7600e+01  1.3062e+00  3.4991e+01  2.3086e+01  2.3075e+00  5.8542e-04  1.0228e+05  1.0233e+05
tupachin	 M_Mm	 179244	     17	 1777.9	 254685	-4.0343	  2.0979e-01  6.1372e+01  7.5145e+01  7.5732e-01 -2.7415e+02  1.8603e+03  1.0473e+00  1.9187e-05  3.3296e+06  3.3297e+06
tytoalba	 M_Av	 104335	     29	 1009.1	  37488	-3.6843	  6.4062e-02  6.5164e+01  3.6220e+01  1.2419e+00 -2.2505e+02  1.0223e+03  1.4501e+00  2.8549e-05  1.7702e+06  1.7703e+06
valelaxa	 F_As	 17971	     17	   69.8	    966	-2.0372	  8.5409e-01  2.8500e+01  3.4035e+01  2.9925e+00 -3.1505e+01  1.4903e+02  1.7701e+00  3.1083e-04  1.6860e+05  1.6866e+05
verrenal	 F_As	 30630	     16	   56.4	    721	-1.9160	  6.8067e-01  3.0750e+01  2.0508e+01  4.2094e+00 -1.5483e+01  9.7277e+01  2.0498e+00  3.4938e-04  2.7023e+05  2.7029e+05
vertalfa	 F_As	 18428	     20	   69.5	   1177	-2.2205	  6.6529e-01  3.8394e+01  1.8719e+01  2.0929e+00 -6.9806e+01  1.9593e+02  2.2815e+00  4.7828e-04  1.8840e+05  1.8846e+05
vertdahl	 F_As	 19022	     17	   64.9	    854	-2.0807	  7.1646e-01  3.6247e+01  2.0345e+01  2.4925e+00 -5.1425e+01  1.5527e+02  2.2938e+00  3.9253e-04  1.8226e+05  1.8231e+05
vitrbras	 O_Al	 173000	     42	   82.9	    456	-1.9857	  9.7200e-01 -1.0955e+02  1.8502e+02  1.1447e+01 -1.0920e+03  1.3668e+03  1.3066e+01  1.4942e-04  1.5818e+06  1.5818e+06
vollemer	 M_In	 83467	     30	  228.4	 105303	-3.1765	  2.6901e-01 -4.1370e+01  1.1907e+02  9.9137e+00  2.1830e+01  2.4500e+02  8.2161e-01  5.8306e-05  1.2211e+06  1.2212e+06
volvvolv	 F_Ba	 63833	     19	   56.5	   1001	-1.9022	  7.0119e-01  8.8300e+00  4.3454e+01  9.2008e+00 -1.7897e+01  9.5197e+01  1.7220e+00  2.7543e-04  5.5892e+05  5.5899e+05
wallsebi	 F_Ba	 15871	     16	   46.9	   7896	-2.6829	  6.6693e-01 -1.6891e+00  4.7235e+01  1.7610e+01  1.5900e+01  2.0689e+02  1.8691e-01  1.2929e-03  1.4225e+05  1.4231e+05
wasmauro	 M_In	 83247	     29	  242.1	  81367	-3.1788	  2.5278e-01 -5.1762e+01  1.3421e+02  1.0731e+01  1.9749e+01  2.4959e+02  8.6467e-01  5.4788e-05  1.2191e+06  1.2192e+06
wickanom	 F_As	 2865	     16	   59.1	  10340	-2.2877	  5.1603e-01  7.0684e+00  6.7518e+01  9.2072e-01 -6.9250e+01  1.2292e+02  3.0000e+01  9.2842e-04  3.0182e+04  3.0224e+04
wilcmiko	 F_As	 31921	     16	   58.4	    648	-1.8742	  7.2999e-01  4.8674e+00  4.8805e+01  8.5035e+00 -1.4566e+01  9.2682e+01  2.0235e+00  3.1183e-04  2.7548e+05  2.7554e+05
wolfcoco	 F_Ba	 73155	     16	   56.1	   1003	-1.6860	  8.5596e-01 -4.7374e+00  5.7829e+01  1.1908e+01  1.0366e+00  7.8908e+01  1.3152e+00  2.8128e-04  5.6856e+05  5.6863e+05
xantpari	 F_As	 25249	     16	   58.6	    559	-1.9119	  7.3554e-01  3.3052e+01  2.0090e+01  3.2904e+00 -3.6564e+01  1.2050e+02  2.4792e+00  4.4152e-04  2.2227e+05  2.2233e+05
xyloheve	 F_As	 22466	     18	   66.0	    581	-2.0288	  6.8933e-01  2.9121e+01  2.8416e+01  3.5637e+00 -3.5082e+01  1.3058e+02  2.6578e+00  3.5690e-04  2.0990e+05  2.0996e+05
yarrlipo	 F_As	 932	     41	  197.0	   4446	-2.7594	  3.0587e-01  3.3912e+01  1.7564e+01  2.1765e+00 -1.2756e+01  1.9799e+02  1.5830e+00  1.4477e-03  1.1972e+04  1.2006e+04
zasmcell	 F_As	 23901	     17	   56.3	    889	-1.8132	  7.3463e-01  6.3524e+00  4.6280e+01  1.0087e+01  2.2144e+00  7.0792e+01  1.5671e+00  4.0795e-04  1.9953e+05  1.9958e+05
zea_mays	 P_Mo	 147949	     16	  159.9	  13182	-2.9276	  3.9303e-01 -5.2520e+00  9.3869e+01  6.1435e+00 -6.4468e+01  3.3139e+02  1.3001e+00  4.9927e-05  1.9939e+06  1.9940e+06
zizijuju	 P_Eu	 123766	     24	  206.4	   4962	-2.9236	  4.6887e-01  4.0723e+01  6.0402e+01  2.3437e+00 -1.8563e+02  5.4626e+02  2.0792e+00  5.3900e-05  1.6665e+06  1.6666e+06
zootneva	 M_In	 70062	     16	  748.8	  18217	-3.4938	  1.0173e-01  7.0093e+01  3.6612e+01  7.7382e-01 -2.1633e+02  8.3230e+02  1.7337e+00  4.8417e-05  1.1277e+06  1.1278e+06
zopfrhiz	 F_As	 43337	     16	   57.7	    902	-2.0039	  5.8202e-01  2.7050e+01  2.4824e+01  5.0154e+00 -4.8472e+00  7.5614e+01  1.7793e+00  2.8794e-04  3.9992e+05  3.9998e+05
zostmari	 P_Mo	 87945	     20	  110.4	  11558	-2.6840	  5.9845e-01  2.4860e+00  8.1502e+01  5.2472e+00 -2.9828e+01  3.2262e+02  1.2229e+00  8.1447e-05  1.0864e+06  1.0865e+06
zygoroux	 F_As	 143	     47	   78.8	   1416	-2.1170	  7.0097e-01 -1.7074e+02  2.4063e+02  2.6844e+01 -7.7827e+00  1.3006e+02  1.7059e+00  8.4483e-03  1.4064e+03  1.4272e+03
